Si1_000    1    20.52 	20.52 	20.52 
Si1_001    1    20.52 	20.52 	0 	 
Si1_002    1    20.52 	20.52 	10.26 
Si1_010    1    20.52 	0 	20.52 	 
Si1_011    1    20.52 	0 	0 	
Si1_012    1    20.52 	0 	10.26 	 
Si1_020    1    20.52 	10.26 	20.52 
Si1_021    1    20.52 	10.26 	0 
Si1_022    1    20.52 	10.26 	10.26 
Si1_100    1    0 	20.52 	20.52 	
Si1_101    1    0 	20.52 	0 	 
Si1_102    1    0 	20.52 	10.26 	
Si1_110    1    0 	0 	20.52 	 
Si1_111    1    0 	0 	0 	 
Si1_112    1    0 	0 	10.26 	 
Si1_120    1    0 	10.26 	20.52 	
Si1_121    1    0 	10.26 	0 	 
Si1_122    1    0 	10.26 	10.26 	
Si1_200    1    10.26 	20.52 	20.52 
Si1_201    1    10.26 	20.52 	0 	 
Si1_202    1    10.26 	20.52 	10.26 
Si1_210    1    10.26 	0 	20.52 	
Si1_211    1    10.26 	0 	0 	 
Si1_212    1    10.26 	0 	10.26  
Si1_220    1    10.26 	10.26 	20.52 
Si1_221    1    10.26 	10.26 	0  
Si1_222    1    10.26 	10.26 	10.26 
Si2_000    1    23.085 	23.085 	23.085
Si2_001    1    23.085 	23.085 	2.565 
Si2_002    1    23.085 	23.085 	12.825
Si2_010    1    23.085 	2.565 	23.085
Si2_011    1    23.085 	2.565 	2.565 
Si2_012    1    23.085 	2.565 	12.825
Si2_020    1    23.085 	12.825 	23.085
Si2_021    1    23.085 	12.825 	2.565 
Si2_022    1    23.085 	12.825 	12.825
Si2_100    1    2.565 	23.085 	23.085
Si2_101    1    2.565 	23.085 	2.565 
Si2_102    1    2.565 	23.085 	12.825
Si2_110    1    2.565 	2.565 	23.085
Si2_111    1    2.565 	2.565 	2.565 
Si2_112    1    2.565 	2.565 	12.825
Si2_120    1    2.565 	12.825 	23.085
Si2_121    1    2.565 	12.825 	2.565 
Si2_122    1    2.565 	12.825 	12.825
Si2_200    1    12.825 	23.085 	23.085
Si2_201    1    12.825 	23.085 	2.565 
Si2_202    1    12.825 	23.085 	12.825
Si2_210    1    12.825 	2.565 	23.085
Si2_211    1    12.825 	2.565 	2.565 
Si2_212    1    12.825 	2.565 	12.825
Si2_220    1    12.825 	12.825 	23.085
Si2_221    1    12.825 	12.825 	2.565 
Si2_222    1    12.825 	12.825 	12.825
Si3_000    1    25.65 	25.65 	20.52 
Si3_001    1    25.65 	25.65 	0  
Si3_002    1    25.65 	25.65 	10.26 
Si3_010    1    25.65 	5.13 	20.52 	
Si3_011    1    25.65 	5.13 	0 	
Si3_012    1    25.65 	5.13 	10.26 	
Si3_020    1    25.65 	15.39 	20.52 
Si3_021    1    25.65 	15.39 	0 
Si3_022    1    25.65 	15.39 	10.26 
Si3_100    1    5.13 	25.65 	20.52 
Si3_101    1    5.13 	25.65 	0 	
Si3_102    1    5.13 	25.65 	10.26 
Si3_110    1    5.13 	5.13 	20.52 	
Si3_111    1    5.13 	5.13 	0 	 
Si3_112    1    5.13 	5.13 	10.26 	
Si3_120    1    5.13 	15.39 	20.52 
Si3_121    1    5.13 	15.39 	0 	 
Si3_122    1    5.13 	15.39 	10.26 
Si3_200    1    15.39 	25.65 	20.52 
Si3_201    1    15.39 	25.65 	0 	
Si3_202    1    15.39 	25.65 	10.26 
Si3_210    1    15.39 	5.13 	20.52 	
Si3_211    1    15.39 	5.13 	0 	1 
Si3_212    1    15.39 	5.13 	10.26 	
Si3_220    1    15.39 	15.39 	20.52 
Si3_221    1    15.39 	15.39 	0 	1 
Si3_222    1    15.39 	15.39 	10.26 
Si4_000    1    28.215 	28.215 	23.085
Si4_001    1    28.215 	28.215 	2.565 
Si4_002    1    28.215 	28.215 	12.825
Si4_010    1    28.215 	7.695 	23.085
Si4_011    1    28.215 	7.695 	2.565 
Si4_012    1    28.215 	7.695 	12.825
Si4_020    1    28.215 	17.955 	23.085
Si4_021    1    28.215 	17.955 	2.565 
Si4_022    1    28.215 	17.955 	12.825
Si4_100    1    7.695 	28.215 	23.085
Si4_101    1    7.695 	28.215 	2.565 
Si4_102    1    7.695 	28.215 	12.825
Si4_110    1    7.695 	7.695 	23.085
Si4_111    1    7.695 	7.695 	2.565 
Si4_112    1    7.695 	7.695 	12.825
Si4_120    1    7.695 	17.955 	23.085
Si4_121    1    7.695 	17.955 	2.565 
Si4_122    1    7.695 	17.955 	12.825
Si4_200    1    17.955 	28.215 	23.085
Si4_201    1    17.955 	28.215 	2.565 
Si4_202    1    17.955 	28.215 	12.825
Si4_210    1    17.955 	7.695 	23.085
Si4_211    1    17.955 	7.695 	2.565 
Si4_212    1    17.955 	7.695 	12.825
Si4_220    1    17.955 	17.955 	23.085
Si4_221    1    17.955 	17.955 	2.565 
Si4_222    1    17.955 	17.955 	12.825
Si5_000    1    20.52 	25.65 	25.65 
Si5_001    1    20.52 	25.65 	5.13 	
Si5_002    1    20.52 	25.65 	15.39 
Si5_010    1    20.52 	5.13 	25.65 	
Si5_011    1    20.52 	5.13 	5.13 	 
Si5_012    1    20.52 	5.13 	15.39 	
Si5_020    1    20.52 	15.39 	25.65 
Si5_021    1    20.52 	15.39 	5.13 	
Si5_022    1    20.52 	15.39 	15.39 
Si5_100    1    0 	25.65 	25.65
Si5_101    1    0 	25.65 	5.13 
Si5_102    1    0 	25.65 	15.39
Si5_110    1    0 	5.13 	25.65 
Si5_111    1    0 	5.13 	5.13 	 
Si5_112    1    0 	5.13 	15.39 
Si5_120    1    0 	15.39 	25.65
Si5_121    1    0 	15.39 	5.13 
Si5_122    1    0 	15.39 	15.39 	
Si5_200    1    10.26 	25.65 	25.65 
Si5_201    1    10.26 	25.65 	5.13 	
Si5_202    1    10.26 	25.65 	15.39 
Si5_210    1    10.26 	5.13 	25.65 	
Si5_211    1    10.26 	5.13 	5.13 	
Si5_212    1    10.26 	5.13 	15.39 	
Si5_220    1    10.26 	15.39 	25.65 
Si5_221    1    10.26 	15.39 	5.13 	
Si5_222    1    10.26 	15.39 	15.39 
Si6_000    1    23.085 	28.215 	28.215
Si6_001    1    23.085 	28.215 	7.695 
Si6_002    1    23.085 	28.215 	17.955
Si6_010    1    23.085 	7.695 	28.215
Si6_011    1    23.085 	7.695 	7.695 
Si6_012    1    23.085 	7.695 	17.955
Si6_020    1    23.085 	17.955 	28.215
Si6_021    1    23.085 	17.955 	7.695 
Si6_022    1    23.085 	17.955 	17.955
Si6_100    1    2.565 	28.215 	28.215
Si6_101    1    2.565 	28.215 	7.695 
Si6_102    1    2.565 	28.215 	17.955
Si6_110    1    2.565 	7.695 	28.215
Si6_111    1    2.565 	7.695 	7.695 
Si6_112    1    2.565 	7.695 	17.955
Si6_120    1    2.565 	17.955 	28.215
Si6_121    1    2.565 	17.955 	7.695 
Si6_122    1    2.565 	17.955 	17.955
Si6_200    1    12.825 	28.215 	28.215
Si6_201    1    12.825 	28.215 	7.695 
Si6_202    1    12.825 	28.215 	17.955
Si6_210    1    12.825 	7.695 	28.215
Si6_211    1    12.825 	7.695 	7.695 
Si6_212    1    12.825 	7.695 	17.955
Si6_220    1    12.825 	17.955 	28.215
Si6_221    1    12.825 	17.955 	7.695 
Si6_222    1    12.825 	17.955 	17.955
Si7_000    1    25.65 	20.52 	25.65 
Si7_001    1    25.65 	20.52 	5.13 	
Si7_002    1    25.65 	20.52 	15.39 
Si7_010    1    25.65 	0 	25.65 	1 
Si7_011    1    25.65 	0 	5.13 	1 
Si7_012    1    25.65 	0 	15.39 	1 
Si7_020    1    25.65 	10.26 	25.65 
Si7_021    1    25.65 	10.26 	5.13 	
Si7_022    1    25.65 	10.26 	15.39 
Si7_100    1    5.13 	20.52 	25.65 
Si7_101    1    5.13 	20.52 	5.13 	
Si7_102    1    5.13 	20.52 	15.39 
Si7_110    1    5.13 	0 	25.65  
Si7_111    1    5.13 	0 	5.13 	
Si7_112    1    5.13 	0 	15.39  
Si7_120    1    5.13 	10.26 	25.65 
Si7_121    1    5.13 	10.26 	5.13 	
Si7_122    1    5.13 	10.26 	15.39 
Si7_200    1    15.39 	20.52 	25.65 
Si7_201    1    15.39 	20.52 	5.13 	
Si7_202    1    15.39 	20.52 	15.39 
Si7_210    1    15.39 	0 	25.65 
Si7_211    1    15.39 	0 	5.13 	
Si7_212    1    15.39 	0 	15.39 
Si7_220    1    15.39 	10.26 	25.65 
Si7_221    1    15.39 	10.26 	5.13 	
Si7_222    1    15.39 	10.26 	15.39 
Si8_000    1    28.215 	23.085 	28.215
Si8_001    1    28.215 	23.085 	7.695 
Si8_002    1    28.215 	23.085 	17.955
Si8_010    1    28.215 	2.565 	28.215
Si8_011    1    28.215 	2.565 	7.695 
Si8_012    1    28.215 	2.565 	17.955
Si8_020    1    28.215 	12.825 	28.215
Si8_021    1    28.215 	12.825 	7.695 
Si8_022    1    28.215 	12.825 	17.955
Si8_100    1    7.695 	23.085 	28.215
Si8_101    1    7.695 	23.085 	7.695 
Si8_102    1    7.695 	23.085 	17.955
Si8_110    1    7.695 	2.565 	28.215
Si8_111    1    7.695 	2.565 	7.695 
Si8_112    1    7.695 	2.565 	17.955
Si8_120    1    7.695 	12.825 	28.215
Si8_121    1    7.695 	12.825 	7.695 
Si8_122    1    7.695 	12.825 	17.955
Si8_200    1    17.955 	23.085 	28.215
Si8_201    1    17.955 	23.085 	7.695 
Si8_202    1    17.955 	23.085 	17.955
Si8_210    1    17.955 	2.565 	28.215
Si8_211    1    17.955 	2.565 	7.695 
Si8_212    1    17.955 	2.565 	17.955
Si8_220    1    17.955 	12.825 	28.215
Si8_221    1    17.955 	12.825 	7.695 
Si8_222    1    17.955 	12.825 	17.955
