19.238394    19.236614    21.802736
19.238882    21.801411    29.498723
19.238802    19.237044    11.542714
21.801164    29.496149    19.237608
19.237763    29.497276     1.283927
21.803794     1.281884    11.542177
21.802025     8.976578    19.236700
21.803823    11.542684     1.281456
19.238021    11.541053     8.977528
 1.284975    21.801775    21.801609
29.498871    19.236528     1.282943
29.498570    21.800615     8.979378
 1.284908     1.281870    21.801291
 1.280307    29.495797    29.496935
29.498077    29.497359    11.543953
 1.281569     8.975865    19.236001
 1.281187     8.976264    29.496055
29.498902     8.976900    11.543153
 8.977757    21.801369    19.239438
 8.978562    21.800530    29.499359
 8.978986    19.236805    11.542746
11.544480     1.282588    21.801900
11.544244     1.282382     1.281920
 8.978499     1.280492     8.978925
11.543919    11.542941    21.801307
11.541824     8.977643    29.497306
11.543083    11.542264    11.541486
21.802921    24.366778    24.365792
24.367038    24.368041     1.281907
21.803889    21.801800    11.542470
24.367979     1.284039    24.367427
21.804332     1.282364     1.282043
21.802333     3.847215    14.105578
24.366030    14.108279    21.802773
24.366237    14.108496     1.282776
21.801594    14.106781    14.106573
 1.282452    24.365977    24.365061
 3.847534    21.805809     3.847300
 1.281960    24.366448    14.104951
 3.846669     3.848087    21.801582
 3.847436     1.285646     3.847042
 3.847082     3.848526    11.541599
 3.847557    11.544638    24.366018
 3.846745    11.545457     3.846268
 1.281171    14.106091    14.105864
11.544531    21.802501    21.802251
11.544367    21.802276     1.282212
14.108041    21.804132    14.107950
 8.977719    29.496743    21.803923
11.542845     3.847558     3.846095
11.543661     1.281891    11.542050
11.542192    14.106886    24.367213
14.106319    14.108574     1.282914
14.107274    11.543749    14.106902
26.934026    24.369056    19.238590
24.368238    26.931410    29.495141
24.368215    26.931418     8.975049
26.932617     6.414651    21.803224
24.367195     3.848004     1.281662
24.369028     6.411870     8.976094
24.368127    16.672564    19.236094
24.368989    16.671752    29.495901
24.366356    14.108767    11.542696
 6.413903    24.368425    19.238119
 6.411888    26.934827     1.282469
 3.847021    24.368487    11.541859
 6.413839     3.848452    19.238032
 3.846987     3.848288     1.281675
 6.413908     3.848333     8.978227
 3.845775    14.108559    21.802731
 6.412645    14.108421    29.499105
11.542319     8.977203     8.977501
16.673589    24.367674    19.237339
14.107109    24.368099     1.282031
16.673697    24.367626     8.977604
16.673521     3.847750    19.237306
14.108021     1.284087    14.107652
14.107356     3.848318    11.541710
14.106041    14.108371    21.802890
14.108970    16.671806    29.496063
16.672841    14.107219     8.978494
29.495435    26.931422    24.368066
29.497945    29.497084     1.284073
26.931153    26.934397    11.542463
29.498481     8.976480    21.803161
26.933322     8.979044     3.848940
26.931844     6.413938    11.543370
29.498577    19.236420    21.802884
14.108055    21.804221    24.367869
26.931722    16.674044    11.543046
 6.412048    26.935126    21.802461
 6.412323    29.497930     3.849295
 8.978090    29.497293    11.543841
 8.978536     8.976405    21.803048
 8.978808     8.976663     1.283066
 6.412807     8.978743    14.108433
 6.412602    16.674775    21.803034
 6.412434    16.674525     1.283060
 6.411837    16.674032    11.543164
16.672495    26.934306    21.801721
16.671996    29.497214     3.848525
19.237896    29.497515    11.543839
19.236513     6.412746    24.368282
19.235689     6.413497     3.848513
16.672392     6.413205    11.542749
16.673039    16.674026    21.802270
19.238669    19.236791     1.282784
19.236441    16.672642    14.108084
19.235624    26.932253    24.367269
19.234799    26.933017     3.847516
19.235712    26.932252    14.107332
21.802822     3.846771    24.365699
16.672978     6.413709     1.282618
19.237197    11.541874    19.237753
19.236427    16.672662    24.367997
19.235545    16.673413     3.848291
19.236987    14.107225    16.674125
29.498183    24.366789    26.933411
 1.282319    24.365985     3.844904
29.497997    24.366579    16.673366
29.498277     3.846744    26.933089
29.495441     6.412671     3.849294
 1.281880     3.846515    14.104853
29.497346    14.107267    26.934208
 1.282740    16.671034     6.410861
29.497213    14.107023    16.674240
11.540967    26.931381    26.931018
11.542939    24.367429     3.846144
 8.975478    26.931369    14.107993
11.541613     6.410880    26.931898
21.801856    26.932072     6.411031
11.542509     3.847885    14.106122
 8.976199    16.671728    24.368681
 8.975365    16.672483     3.848952
11.541748    14.107408    14.107106
21.800823    29.496533    29.497718
21.801255    29.496086     8.977808
24.366711    29.498264    16.671736
24.367620     8.978078    26.930862
21.802108     8.976548     8.976931
24.368209     6.412670    19.236363
24.367731    19.238025    26.930595
24.369002    16.671778     8.975737
24.367590    19.237765    16.670679
 3.848512    26.932306    29.494535
 3.848474    26.932276     8.974482
 1.281964    26.931051    16.670279
 1.282087     6.410190    26.931310
 3.846990     8.977937     6.410853
 3.848490     6.413602    19.235614
 3.849269    16.672687    29.495263
 1.281595    19.235859     8.976106
 1.282518    16.670782    16.670887
14.106881    29.498618    26.931802
11.541761    26.932076     6.410939
11.541566    26.931830    16.670921
14.107676     8.978119    26.930947
14.107275     8.977714     6.411010
11.542185     8.977226    19.237200
11.541514    16.670982    26.931596
14.107372    19.237638     6.410738
11.542126    19.237263    19.237127
26.933337    19.238981    24.369021
24.367311    19.237583     6.410593
24.368087    21.804143    14.107794
24.366825    29.498540    26.931695
26.932515    29.498582     3.849855
24.368010     1.284037    14.107527
24.367249    11.543695    24.366721
24.367200     8.977674     6.410876
24.367287    11.543749    14.106762
 3.848336    21.805044    24.367035
 3.847102    19.237861     6.410595
 3.848336    21.804998    14.107172
 3.848281     1.284987    24.366771
 3.846214    29.498276     6.411763
 6.411757     1.282606    16.674710
 3.847417     8.978377    26.930803
 6.411401    11.543180     6.414019
 3.847595    11.544680    14.106078
16.671728    21.801262    26.934320
11.542316    16.671745     6.411529
16.672472    19.238103    14.107649
16.672118    29.497118    24.368716
14.106464    29.498103     6.411887
16.671688    29.497614    14.108635
16.671010    11.541699    26.933464
14.106446    11.544551     3.847063
14.107554     8.977952    16.670989
26.931185    21.802002    26.934917
26.934112    24.369017     8.978885
26.931978    26.935056    21.802334
26.933603     3.849526    29.498611
26.934052     3.849063     8.978789
26.931659     1.282572    16.674540
 1.284102    11.541959     1.280727
29.497764    11.540144     8.978362
29.496921    11.540986    19.238586
 6.413499    24.368832    29.498209
 6.413978    24.368377     8.978354
 8.978045    24.366511    16.673292
 8.978520     1.280445    29.499079
14.108193     6.412728    19.236466
 8.977672     1.281230    19.239269
 6.410576    11.542446    26.934184
 8.976946    14.106723     6.414155
 6.413031    14.107991    19.238988
16.673262    24.368022    29.497432
19.238833    21.801455     8.978576
19.237819    24.366761    16.673274
19.238065     3.846947    26.932933
19.237652     3.846488     6.412987
19.237962     3.846714    16.673034
19.238021    11.541103    29.497645
16.671813    11.542446     6.413308
16.671631    11.542175    16.673307
21.804620    21.802515    21.802358
21.804504    21.802255     1.282356
21.801939    14.106378     3.846507
19.237883     1.282170    19.238557
19.238741     1.281358    29.498411
19.238733     1.281397     8.978290
19.238295     8.976685    21.803011
19.238556     8.976923     1.283049
19.238705     8.977106    11.542999
 1.281481    19.235924    19.235927
 1.281118    19.236332    29.495912
29.498966    19.236858    11.542858
29.497638     1.281314    19.239340
29.498424     1.280572    29.499140
 1.280791    29.495345     8.977072
 1.284324    11.542203    21.800710
29.497753    11.540226    29.498438
 1.283523    11.541492    11.540858
 8.978605    19.236302    21.802769
 8.978893    19.236501     1.282819
11.543752    21.801806    11.542356
11.541315    29.496763    19.238128
 8.977973    29.497048     1.283931
11.541448    29.496724     8.978379
 8.976939    11.540941    19.238460
29.497828     3.846283     6.413134
 8.977767    11.540123     8.978206
24.366786    24.367809    21.801916
24.367277    21.805034     3.847980
29.497740    24.366322     6.413397
21.804517     1.282604    21.802051
26.932431     6.414385     1.283259
24.367296     3.848264    11.541585
21.804000    11.542936    21.801461
24.366454    11.544541     3.846947
21.803221    11.542229    11.541594
 3.846544    24.368103    21.801858
 1.284780    21.801525     1.281616
 1.284227    21.801018    11.541737
 1.282371     3.846031    24.364935
 1.282257     3.846109     3.844802
 3.848293     1.284958    14.106867
 1.281602    14.105581    24.365970
 1.281478    14.105653     3.845791
 3.846164    14.109028    11.542671
11.543070    24.367371    24.366307
14.107239    21.805001     3.848104
14.107269    24.368324    11.541969
11.542979     3.847408    24.366216
14.107266     3.848069     1.281819
16.673612     3.847660     8.977515
14.107253    11.543751    24.366829
11.543714    11.542714     1.281303
14.106426    14.108827    11.542828
24.367386    26.932231    19.235329
26.933665    24.369449    29.498714
24.367208    24.368257    11.541870
24.366886     3.847794    21.801609
24.369000     6.411878    29.496285
 1.284121     1.281125    11.541422
26.932510    16.674742    21.802896
26.932825    14.109046    29.499607
26.933291    14.108569     8.979746
 3.847679    26.933091    19.234637
 3.846817    24.368321     1.281875
 6.411254    26.934399    11.542607
 6.412727     6.414740    21.803366
 3.849288     6.412768    29.495569
 6.411966     6.413940    11.543499
 3.848408    16.673466    19.235410
 3.846002    14.108800     1.282732
 1.281689     8.975828     8.976248
14.106786    24.367882    21.801988
14.108230    26.931417    29.495222
14.108205    26.931451     8.975212
14.106933     3.847862    21.801722
16.673168     3.848096    29.497348
14.109012     6.411924     8.976217
14.108118    16.672570    19.236232
16.672383    14.107702    29.498354
14.108967    16.671810     8.975958
26.932578    29.498507    24.370010
26.931766    26.934827     1.282352
29.498462     1.280577     8.979039
26.933980     3.849106    19.238555
29.498745     8.976683     1.283204
26.932956     8.979432    14.108987
29.496173    16.671780    24.368816
26.932294    16.674532     1.282926
26.932887    19.239436    14.108909
 6.412434    29.497866    24.369511
16.672300    21.801750    16.674167
 1.280694    29.495372    19.236869
 8.976213     6.411795    24.368970
 8.975429     6.412577     3.849191
 8.978928     8.976856    11.543022
 6.413271    19.238363    24.368513
 6.413185    19.238441     3.848334
 6.412762    19.238812    14.108393
19.237495    29.497003    21.803869
16.672312    26.934111     1.281720
16.671731    26.933637    11.541860
16.673152     6.413962    21.802619
16.672878     8.977672     3.847661
19.236500     6.412721    14.108360
16.672918    19.237628    24.367753
16.672835    19.237717     3.847583
16.672301    16.673292    11.542422
21.801107    26.931393    26.931178
21.802769    24.366801     3.845614
21.802437    24.367192    14.105688
21.801778     6.410924    26.932050
21.802708     3.846836     3.845531
21.802347     6.411407    16.671943
21.802054    14.106324    24.366685
21.802415    16.671741     6.411618
21.802213    16.671506    16.671665
 1.281431    26.930627    26.930429
29.494646    26.932194     3.848279
29.495454    26.931424    14.108126
29.496245     6.411906    24.369064
 1.282878     6.410933     6.411225
29.496198     6.411843    14.109179
 1.281956    16.670294    26.930988
29.495258    16.672532     3.849101
29.496136    16.671727    14.108905
 8.975379    26.931334    24.367946
 8.974658    26.932133     3.848165
11.542580    24.367813    14.106188
 8.978279     3.846698    26.932965
 8.977841     3.846257     6.412991
 8.976230     6.411761    14.109055
 8.977348    14.107217    26.934107
11.542094    14.107000     3.847033
 8.976200    16.671722    14.108728
21.801596    19.237041    29.496722
24.366395    29.498036     6.411750
21.801677    26.931829    16.671087
21.801636     8.977006    29.496791
21.802548     6.411658     6.411943
24.367491     8.977900    16.670886
21.801615    16.671009    26.931727
21.802053    19.236592     8.976843
21.801943    19.236653    19.236670
 3.846615    29.498830    26.931639
 1.282200    26.931331     6.410277
 3.846491    29.498530    16.671709
 6.412566     6.414417     1.283357
 3.849314     6.412785     8.975401
 1.282646     6.410657    16.671182
 3.847554    19.238359    26.930515
 3.849253    16.672677     8.975111
 3.847384    19.238052    16.670668
11.540997    29.497177    29.498264
 8.977764    24.366279     6.413251
14.107376    26.932252    19.235419
14.109007     6.411920    29.496345
11.542419     6.411674     6.411851
11.542219     6.411397    16.671811
11.541737    19.237687    29.497166
11.542217    19.237205     8.977349
11.542105    16.671532    16.671535
24.368065    21.804167    24.367724
26.933296    19.239090     3.848836
26.931752    21.802469    16.674833
29.497697    29.496844    21.804021
24.367178     1.284783     3.847682
26.932133    29.499002    14.109895
26.933421     8.978971    24.369116
26.931303    11.543180     6.413930
26.931103    11.542902    16.673932
 6.411281    21.802018    26.935053
 6.412061    21.802775     6.414953
 8.977218    14.106967    16.674153
 6.411175     1.282110    26.934750
 1.284635     1.281654     1.281297
 6.411975    29.498351    14.109380
 6.413312     8.978321    24.368592
 6.413140     8.978387     3.848360
 3.847265     8.978175    16.670856
14.107807    19.238106    26.930675
16.672472    21.802012     6.414227
14.107676    19.237855    16.670764
14.108003     1.284160    24.367576
14.107175     1.284880     3.847833
14.106764    29.498370    16.671848
16.673028     8.977617    24.367856
16.672873    16.673838     1.282311
16.672551     8.978084    14.107737
29.498541    21.800577    29.499494
26.931970    21.802743     6.414882
29.497706    21.801412    19.239579
26.931085     1.282118    26.934561
26.931853     1.282856     6.414509
29.498135     3.846516    16.673166
26.930519    11.542434    26.934035
29.496946    14.106760     6.414318
26.933192    14.108634    19.239478
 8.978224    24.366748    26.933320
 8.978565    21.800603     8.979175
 6.411881    21.802511    16.674973
 6.413465     3.848828    29.498086
 6.411971     1.282865     6.414600
 8.978165     3.846446    16.673053
 8.977760    11.540156    29.498329
 6.413142    14.107898     8.979197
 6.411204    11.542923    16.674067
19.237975    24.366998    26.933246
19.237556    24.366504     6.413259
19.237984    21.802275    19.238783
16.671626     1.281388    26.933982
16.672399     1.282120     6.413886
16.672197     1.281867    16.673900
19.237110    14.107457    26.934023
19.236726    14.106994     6.414138
16.672741    14.107282    19.238281
