Si1  1  -2.566    -2.566     2.566
Si2  1  -2.566     2.566    -2.566
Si3  1   2.566    -2.566    -2.566
Si4  1   0.000     0.000     0.000
Si5  1   2.566     2.566     2.566
H01  2  -4.189    -4.189     0.943
H02  2  -0.943    -4.189     4.189
H03  2  -4.189    -0.943     4.189
H04  2  -4.189     0.943    -4.189
H05  2  -0.943     4.189    -4.189
H06  2  -4.189     4.189    -0.943
H07  2   0.943    -4.189    -4.189
H08  2   4.189    -0.943    -4.189
H09  2   4.189    -4.189    -0.943
H10  2   4.189     4.189     0.943
H11  2   4.189     0.943     4.189
H12  2   0.943     4.189     4.189
