1.327122    -3.775362    -3.775362   
 3.775362     1.327122     3.775362  
-1.234754     1.234753    -1.234754  
-1.234754    -1.234754     1.234753  
-3.775362     3.775362    -1.327122  
-1.327122    -3.775362     3.775362  
-3.775362    -3.775362     1.327122  
-3.775362     1.327122    -3.775362  
 3.775362    -3.775362    -1.327122  
 1.327123     3.775362     3.775362  
-1.327122     3.775362    -3.775362  
 3.775362     3.775362     1.327122  
 1.234752     1.234754     1.234754  
 1.234756    -1.234753    -1.234753  
-3.775362    -1.327122     3.775362  
 3.775362    -1.327122    -3.775362  

