Li1       1              0.0              0.0              0.0   1 
Li2       1              0.0              0.0            13.26   1 
Li3       1              0.0            13.26              0.0   1 
Li4       1              0.0            13.26            13.26   1 
Li5       1            13.26              0.0              0.0   1 
Li6       1            13.26              0.0            13.26   1 
Li7       1            13.26            13.26              0.0   1 
Li8       1            13.26            13.26            13.26   1 
Li9       1             6.63              0.0              0.0   1 
Li10      1             6.63              0.0            13.26   1 
Li11      1             6.63            13.26              0.0   1 
Li12      1             6.63            13.26            13.26   1 
Li13      1            19.89              0.0              0.0   1 
Li14      1            19.89              0.0            13.26   1 
Li15      1            19.89            13.26              0.0   1 
Li16      1            19.89            13.26            13.26   1 
Li17      1              0.0             6.63              0.0   1 
Li18      1              0.0             6.63            13.26   1 
Li19      1              0.0            19.89              0.0   1 
Li20      1              0.0            19.89            13.26   1 
Li21      1            13.26             6.63              0.0   1 
Li22      1            13.26             6.63            13.26   1 
Li23      1            13.26            19.89              0.0   1 
Li24      1            13.26            19.89            13.26   1 
Li25      1              0.0              0.0             6.63   1 
Li26      1              0.0              0.0            19.89   1 
Li27      1              0.0            13.26             6.63   1 
Li28      1              0.0            13.26            19.89   1 
Li29      1            13.26              0.0             6.63   1 
Li30      1            13.26              0.0            19.89   1 
Li31      1            13.26            13.26             6.63   1 
Li32      1            13.26            13.26            19.89   1 
Li33      1             6.63             6.63             6.63   1 
Li34      1             6.63             6.63            19.89   1 
Li35      1             6.63            19.89             6.63   1 
Li36      1             6.63            19.89            19.89   1 
Li37      1            19.89             6.63             6.63   1 
Li38      1            19.89             6.63            19.89   1 
Li39      1            19.89            19.89             6.63   1 
Li40      1            19.89            19.89            19.89   1 
Li41      1             6.63             6.63              0.0   1 
Li42      1             6.63             6.63            13.26   1 
Li43      1             6.63            19.89              0.0   1 
Li44      1             6.63            19.89            13.26   1 
Li45      1            19.89             6.63              0.0   1 
Li46      1            19.89             6.63            13.26   1 
Li47      1            19.89            19.89              0.0   1 
Li48      1            19.89            19.89            13.26   1 
Li49      1             6.63              0.0             6.63   1 
Li50      1             6.63              0.0            19.89   1 
Li51      1             6.63            13.26             6.63   1 
Li52      1             6.63            13.26            19.89   1 
Li53      1            19.89              0.0             6.63   1 
Li54      1            19.89              0.0            19.89   1 
Li55      1            19.89            13.26             6.63   1 
Li56      1            19.89            13.26            19.89   1 
Li57      1              0.0             6.63             6.63   1 
Li58      1              0.0             6.63            19.89   1 
Li59      1              0.0            19.89             6.63   1 
Li60      1              0.0            19.89            19.89   1 
Li61      1            13.26             6.63             6.63   1 
Li62      1            13.26             6.63            19.89   1 
Li63      1            13.26            19.89             6.63   1 
Li64      1            13.26            19.89            19.89   1 
Li65      1            3.315            3.315            3.315   1 
Li66      1            3.315            3.315           16.575   1 
Li67      1            3.315           16.575            3.315   1 
Li68      1            3.315           16.575           16.575   1 
Li69      1           16.575            3.315            3.315   1 
Li70      1           16.575            3.315           16.575   1 
Li71      1           16.575           16.575            3.315   1 
Li72      1           16.575           16.575           16.575   1 
Li73      1            3.315            3.315            9.945   1 
Li74      1            3.315            3.315           23.205   1 
Li75      1            3.315           16.575            9.945   1 
Li76      1            3.315           16.575           23.205   1 
Li77      1           16.575            3.315            9.945   1 
Li78      1           16.575            3.315           23.205   1 
Li79      1           16.575           16.575            9.945   1 
Li80      1           16.575           16.575           23.205   1 
Li81      1            3.315            9.945            3.315   1 
Li82      1            3.315            9.945           16.575   1 
Li83      1            3.315           23.205            3.315   1 
Li84      1            3.315           23.205           16.575   1 
Li85      1           16.575            9.945            3.315   1 
Li86      1           16.575            9.945           16.575   1 
Li87      1           16.575           23.205            3.315   1 
Li88      1           16.575           23.205           16.575   1 
Li89      1            9.945            3.315            3.315   1 
Li90      1            9.945            3.315           16.575   1 
Li91      1            9.945           16.575            3.315   1 
Li92      1            9.945           16.575           16.575   1 
Li93      1           23.205            3.315            3.315   1 
Li94      1           23.205            3.315           16.575   1 
Li95      1           23.205           16.575            3.315   1 
Li96      1           23.205           16.575           16.575   1 
Li97      1            3.315            9.945            9.945   1 
Li98      1            3.315            9.945           23.205   1 
Li99      1            3.315           23.205            9.945   1 
Li100     1            3.315           23.205           23.205   1 
Li101     1           16.575            9.945            9.945   1 
Li102     1           16.575            9.945           23.205   1 
Li103     1           16.575           23.205            9.945   1 
Li104     1           16.575           23.205           23.205   1 
Li105     1            9.945            3.315            9.945   1 
Li106     1            9.945            3.315           23.205   1 
Li107     1            9.945           16.575            9.945   1 
Li108     1            9.945           16.575           23.205   1 
Li109     1           23.205            3.315            9.945   1 
Li110     1           23.205            3.315           23.205   1 
Li111     1           23.205           16.575            9.945   1 
Li112     1           23.205           16.575           23.205   1 
Li113     1            9.945            9.945            3.315   1 
Li114     1            9.945            9.945           16.575   1 
Li115     1            9.945           23.205            3.315   1 
Li116     1            9.945           23.205           16.575   1 
Li117     1           23.205            9.945            3.315   1 
Li118     1           23.205            9.945           16.575   1 
Li119     1           23.205           23.205            3.315   1 
Li120     1           23.205           23.205           16.575   1 
Li121     1            9.945            9.945            9.945   1 
Li122     1            9.945            9.945           23.205   1 
Li123     1            9.945           23.205            9.945   1 
Li124     1            9.945           23.205           23.205   1 
Li125     1           23.205            9.945            9.945   1 
Li126     1           23.205            9.945           23.205   1 
Li127     1           23.205           23.205            9.945   1 
Li128     1           23.205           23.205           23.205   1 
