Li1   1   0.    0.    0.     1
Li2   1   6.63  0.    0.     1
Li3   1   0.    6.63  0.     1
Li4   1   0.    0.    6.63   1
Li5   1   6.63  6.63  6.63   1
Li6   1   6.63  6.63  0.     1
Li7   1   6.63  0.    6.63   1
Li8   1   0.    6.63  6.63   1
Li9   1   3.315  3.315  3.315   1
Li10  1   3.315  3.315  9.945  1
Li11  1   3.315  9.945 3.315   1
Li12  1   9.945 3.315  3.315   1
Li13  1   3.315  9.945 9.945  1
Li14  1   9.945 3.315  9.945  1
Li15  1   9.945 9.945 3.315   1
Li16  1   9.945 9.945 9.945  1
