C1     1    0.0    0.0   0.0   1
C2     1    0.0    0.0   6.8   1
C3     1    0.0    6.8   0.0   1
C4     1    0.0    6.8   6.8   1
C5     1    6.8    0.0   0.0   1
C6     1    6.8    0.0   6.8   1
C7     1    6.8    6.8   0.0   1
C8     1    6.8    6.8   6.8   1
C9     1    0.0    3.4   3.4   1
C10    1    0.0 	 3.4   10.2  1
C11    1    0.0 	 10.2  3.4   1
C12    1    0.0 	 10.2  10.2  1
C13    1    6.8 	 3.4   3.4   1
C14    1    6.8 	 3.4   10.2  1
C15    1    6.8 	 10.2  3.4   1
C16    1    6.8 	 10.2  10.2  1
C17    1    3.4 	 0.0   3.4   1
C18    1    3.4 	 0.0   10.2  1
C19    1    3.4 	 6.8   3.4   1
C20    1    3.4 	 6.8   10.2  1
C21    1    10.2 	 0.0   3.4   1
C22    1    10.2 	 0.0   10.2  1
C23    1    10.2 	 6.8   3.4   1
C24    1    10.2 	 6.8   10.2  1
C25    1    3.4 	 3.4   0.0   1
C26    1    3.4 	 3.4   6.8   1
C27    1    3.4 	 10.2  0.0   1
C28    1    3.4 	 10.2  6.8   1
C29    1    10.2 	 3.4   0.0   1
C30    1    10.2 	 3.4   6.8   1
C31    1    10.2 	 10.2  0.0   1
C32    1    10.2 	 10.2  6.8   1

