11.000513     8.498931     6.016211 
14.789214     8.240533     6.000009 
 9.132443     8.454879     6.024283 
 8.949744    12.515088     6.000543 
 8.061568    10.696095     6.577283 
12.278612    10.547118     6.000546 
13.578759     8.383604     6.473498 
 6.809632     8.433810     6.000161 
 6.614192    12.413863     6.000052 
10.073877    14.540825     6.000016 
13.597738    12.453924     6.000008 
14.102796     7.304055     6.000139 
10.137437     6.803080     6.002809 
11.314844    12.300707     6.578687 
 8.063833    10.698730     5.421118 
13.578857     8.383244     5.526144 
11.315054    12.299693     5.420477 
10.024339     8.245314     5.949567 
