Si00 1	-5.4405 	-5.4405 	0.0      0
Si10 1	-1.8135 	-5.4405 	2.565    0  
Si20 1	1.8135  	-5.4405 	0.0      0  
Si30 1	5.4405  	-5.4405 	2.565    0  
Si01 1  -5.4405 	-1.8135 	7.695    0  
Si11 1	-1.8135 	-1.8135 	5.13     0
Si21 1	1.8135  	-1.8135 	7.695    0  
Si31 1	5.4405  	-1.8135 	5.13     0  
Si02 1	-5.4405 	1.8135  	0.0      0  
Si12 1	-1.8135 	1.8135  	2.565    0  
Si22 1	1.8135  	1.8135  	0.0      0  
Si32 1	5.4405  	1.8135  	2.565    0  
Si03 1  -5.4405 	5.4405  	7.695    0  
Si13 1	-1.8135 	5.4405  	5.13     0
Si23 1	1.8135  	5.4405  	7.695    0  
Si33 1	5.4405  	5.4405  	5.13     0  
H00  2  -5.4297   -7.7698    8.6698     1
H01  2  -1.8603   -7.7536    4.1917     1
H02  2   1.8631   -7.7541    8.6340     1
H03  2   5.4299   -7.7685    4.1581     1
H10  2  -5.4328    7.7674    9.2880    1
H11  2  -1.8566    7.7553    3.5060    1
H12  2   1.8609    7.7573    9.3171    1
H13  2   5.4300    7.7669    3.5375    1
H20  2  -7.7698   -5.4297    1.5902     1
H21  2  -7.7536   -1.8603    6.0683     1
H22  2  -7.7541    1.8631    1.6260     1
H23  2  -7.7685    5.4299    6.1019     1
H30  2   7.7674   -5.4328    0.9720     1
H31  2   7.7553   -1.8566    6.7540     1
H32  2   7.7573    1.8609    0.9429     1
H33  2   7.7669    5.4300    6.7225     1

