-5.351831    -3.574515     8.966228 
-1.837053    -7.137022     3.813431 
 0.003389    -5.357082     1.283743 
 1.841456    -7.136388     9.014660 
 5.367379    -7.148388     3.792806 
-5.357084     0.003389     8.976256 
-3.575429    -1.798355     6.407226 
-0.002775    -1.799391     6.413482 
-3.574515    -5.351830     1.293772 
 3.569570    -1.799470     6.412915 
-7.136386     1.841458     1.245337 
-3.575073     1.796663     1.289712 
-0.002903     1.800612     1.280975 
-1.824860     7.119952     3.865201 
 7.113765     1.837175     1.305756 
-5.420904     7.192732     8.917345 
 0.000687     5.358888     6.413420 
 1.799831     3.569016     8.978332 
 5.355315     3.576185     3.837908 
 3.576188     5.355315     6.422093 
-7.148279     5.367382     6.467281 
-3.574204     5.358157     6.402248 
 1.837174     7.113765     8.954245 
 5.401163     7.161580     3.884480 
 7.161579     5.401162     6.375519 
-7.157672    -5.401882     1.224685 
-5.401882    -7.157672     9.035315 
 1.796670    -3.575073     8.970291 
 3.582793    -5.345659     1.264416 
 7.192733    -5.420906     1.342656 
-7.137020    -1.837053     6.446570 
-1.798355    -3.575428     3.852774 
 1.800613    -0.002903     8.979025 
 5.358888     0.000683     3.846577 
 7.119952    -1.824862     6.394799 
-5.345650     3.582790     8.995591 
-1.799471     3.569570     3.847084 
-1.799389    -0.002776     3.846521 
 3.569016     1.799830     1.281668 
 5.358158    -3.574213     3.857757 
