3.721138     18.724852    19.259130 
11.004291    18.107393    12.737801 
33.804635    18.601235     1.436591 
40.096790    11.584404    10.927207 
 2.493665    13.114623    12.643018 
10.609668     9.791479     4.732657 
41.273935    20.561124    19.353525 
41.457184     9.860738     5.566152 
24.260681     4.883081     8.871439 
32.324359     3.951660    13.143211 
31.850318     9.791479     4.732657 
17.972382     3.824240     1.430954 
29.592150     9.299995    13.175080 
23.734325    13.114623    12.643017 
14.703087    16.375953    16.097990 
21.314215    15.779907    19.567641 
20.216520     9.860738     5.566153 
27.954515     8.762482    20.440410 
 6.713879     8.762481    20.440411 
11.555740     0.974327    16.856080 
25.756061     8.626341     2.568625 
16.991143     8.208826     1.637448 
32.364625    14.601435    10.983216 
21.554926     7.057720    13.132497 
38.994578    14.936616    19.904761 
 6.298224    19.847670    13.867755 
27.538914    19.847670    13.867756 
32.244981    18.107393    12.737801 
 5.792753    18.614528     5.635646 
 0.372784     3.482599     6.706505 
20.033277    20.561124    19.353525 
37.950535     2.047135    11.639917 
19.087226    14.383038     4.395912 
27.033422    18.614528     5.635646 
21.613444     3.482599     6.706507 
11.083664     3.951660    13.143211 
 2.920436     5.143922    19.250873 
 5.766155    12.073749     8.267125 
25.280101    16.703714     1.746342 
17.753914    14.936617    19.904761 
11.150687    13.717736    18.461091 
 4.039435    16.703714     1.746343 
30.316018     4.896916    18.875911 
24.161096     5.143923    19.250873 
32.796371     0.974327    16.856080 
40.732905     4.758024    16.460732 
17.604086     0.337528     6.653046 
12.432684     0.537257     5.902389 
37.707094    11.487699     6.416092 
40.327917    14.383038     4.395912 
18.856125    11.584404    10.927207 
11.124016    14.601435    10.983216 
32.391322    13.717736    18.461091 
24.961788    18.724853    19.259130 
 0.314298     7.057720    13.132497 
37.687457    19.911996    14.894230 
35.943767    16.375952    16.097990 
 0.073565    15.779908    19.567641 
16.446782    19.911995    14.894230 
12.563990    18.601235     1.436590 
 4.515361     8.626341     2.568624 
 8.351475     9.299995    13.175079 
16.466459    11.487698     6.416091 
27.006845    12.073749     8.267125 
38.844761     0.337527     6.653046 
33.673354     0.537257     5.902389 
38.231789     8.208826     1.637447 
 3.020019     4.883081     8.871438 
 9.075343     4.896916    18.875910 
39.213027     3.824240     1.430953 
16.709910     2.047135    11.639917 
19.492260     4.758024    16.460733 
