C1        1   5.8733    2.3527    4.1026    1   0.0002457  -0.0000853  -0.0002752
C2        1   6.3117    3.7473    1.6478    1   -0.0003790  -0.0000893  0.0002207
C3        1   4.4409    5.9337    1.2510    1   -0.0000506  -0.0001157  -0.0000836
C4        1   4.2708    6.8087    29.1434   1   0.0001178  -0.0001144  0.0004781
C5        1   2.7968    4.8698    27.6051   1   0.0000301  0.0006494  -0.0001214
C6        1   8.3394    10.3727   27.0344   1   -0.0001321  0.0000136  -0.0001125
C7        1   7.8216    10.0874   24.3340   1   -0.0000628  -0.0001117  0.0000489
C8        1   9.6565    8.9989    22.6900   1   -0.0005853  -0.0000352  -0.0003600
C9        1   12.0980   8.2449    23.5649   1   -0.0003762  -0.0002036  -0.0000874
C10       1   12.6328   8.8345    26.0650   1   0.0000229  0.0000192  -0.0001241
C11       1   10.7336   9.7718    27.7620   1   -0.0000134  0.0000246  -0.0001463
C12       1   6.3381    11.2477   29.0772   1   0.0000303  -0.0001598  0.0002989
C13       1   3.7530    9.6697    28.7295   1   0.0001470  -0.0000357  -0.0002655
C14       1   5.0059    18.4607   28.9260   1   -0.0001682  0.0004498  -0.0002332
C15       1   7.0695    19.6739   29.9635   1   -0.0002231  -0.0001731  0.0001351
C16       1   6.6254    21.8245   0.8069    1   0.0000559  0.0000299  0.0000077
C17       1   4.2028    22.6540   1.4400    1   -0.0001647  -0.0001350  -0.0005252
C18       1   2.1524    21.2972   0.5820    1   0.0001403  0.0001310  0.0000454
C19       1   2.5681    19.3281   29.4571   1   -0.0003546  -0.0000636  0.0002488
C20       1   5.2345    16.1307   27.2423   1   -0.0002649  0.0001863  -0.0000695
C21       1   6.3249    14.2750   29.2832   1   0.0001469  -0.0000718  -0.0000433
C22       1   4.2424    15.9984   21.3350   1   0.0001112  0.0001323  0.0002385
C23       1   1.7726    16.3650   21.9359   1   -0.0006235  -0.0000915  -0.0000302
C24       1   30.3736   14.9402   20.9911   1   0.0002467  0.0000291  0.0000273
C25       1   0.3061    13.0656   19.1864   1   0.0002052  -0.0000346  0.0002906
C26       1   2.7836    12.3569   18.9029   1   -0.0000137  -0.0002024  0.0002722
C27       1   4.7546    13.8441   19.9782   1   -0.0003257  0.0001295  -0.0001164
C28       1   6.3495    17.5045   22.6408   1   -0.0003818  -0.0001809  -0.0001397
C29       1   7.1942    16.1950   25.1277   1   0.0001353  -0.0001670  0.0001483
C30       1   4.5958    21.9926   20.9363   1   0.0004193  -0.0000724  -0.0003798
C31       1   5.8544    20.4204   23.1076   1   0.0001137  0.0000487  -0.0003105
C32       1   8.3526    21.6619   23.8276   1   -0.0001602  0.0002051  -0.0000154
C33       1   3.8267    24.6987   21.4295   1   0.0003020  0.0002171  -0.0000008
C34       1   1.7367    25.2581   23.2984   1   -0.0001406  -0.0002148  -0.0000332
C35       1   2.5681    26.1916   25.8571   1   0.0001098  -0.0003659  0.0002226
C36       1   29.4457   22.0040   25.2581   1   0.0005329  0.0000068  0.0003898
C37       1   30.2300   23.3117   23.3967   1   0.0000957  -0.0004361  -0.0000728
C38       1   27.3047   20.2257   25.6266   1   -0.0000345  0.0000065  0.0000698
C39       1   25.8099   21.2046   28.0681   1   0.0003473  -0.0001576  -0.0000305
C40       1   23.4194   19.9102   28.8467   1   -0.0000078  -0.0002514  -0.0003291
C41       1   26.8492   27.3443   30.3244   1   0.0001963  -0.0001746  -0.0001249
C42       1   28.5065   26.9853   1.6970    1   -0.0000263  -0.0001343  0.0003235
C43       1   0.0170    28.6180   1.9899    1   0.0001326  0.0002668  0.0003149
C44       1   0.4516    30.3226   0.0869    1   0.0001390  0.0000992  -0.0001725
C45       1   29.4249   0.0756    28.6464   1   0.0003168  -0.0001081  0.0002672
C46       1   27.1705   29.3191   28.6067   1   0.0000157  0.0000280  -0.0000023
C47       1   24.6723   25.5151   29.9200   1   0.0000726  -0.0001484  -0.0000455
C48       1   24.9406   23.8616   27.4747   1   -0.0003364  0.0001433  -0.0000334
C49       1   22.1703   27.0042   30.2356   1   0.0000926  0.0000334  0.0002905
C50       1   22.0191   28.0228   2.1826    1   -0.0000441  0.0003577  -0.0002492
C51       1   23.9032   30.4170   21.0723   1   0.0001434  -0.0000216  -0.0003882
C52       1   21.2783   29.5591   21.8604   1   -0.0002372  -0.0004534  0.0001349
C53       1   20.0028   0.1285    24.3132   1   0.0001043  0.0001025  -0.0000412
C54       1   19.3659   2.9839    23.9447   1   0.0001521  0.0003998  -0.0000102
C55       1   17.2513   3.6283    25.7022   1   0.0002223  -0.0000238  -0.0001640
C56       1   23.7274   8.6927    25.7173   1   0.0000615  -0.0000802  0.0002464
C57       1   26.0915   8.2505    24.7309   1   0.0000274  0.0001476  0.0003077
C58       1   28.3270   9.5412    25.4924   1   -0.0002744  0.0001708  0.0002468
C59       1   28.0946   11.4347   27.2158   1   0.0000093  -0.0002247  0.0002152
C60       1   25.6606   12.0357   28.1928   1   0.0000729  0.0000016  -0.0000750
C61       1   23.6008   10.5277   27.5881   1   -0.0000860  -0.0001583  0.0001492
C62       1   21.4654   7.6024    24.6288   1   -0.0000437  -0.0004902  -0.0000153
C63       1   21.7243   4.5618    24.3926   1   0.0004479  0.0002545  0.0002020
C64       1   21.6789   11.9658   18.7801   1   0.0000637  -0.0002414  0.0001061
C65       1   19.9631   11.4253   16.8564   1   -0.0001041  0.0001633  -0.0002078
C66       1   20.5451   11.8354   14.2467   1   -0.0000734  -0.0000166  0.0004097
C67       1   22.9507   12.5837   13.7553   1   0.0003602  -0.0000579  0.0000574
C68       1   24.8046   13.0523   15.5676   1   0.0002792  0.0000735  -0.0002605
C69       1   24.0487   12.8218   18.1111   1   0.0000116  0.0002492  -0.0001768
C70       1   21.0497   11.4820   21.5656   1   -0.0002508  -0.0002755  0.0001081
C71       1   20.9249   8.6096    21.9095   1   0.0001302  0.0002844  -0.0002266
C72       1   18.3757   17.0491   20.6453   1   0.0003036  -0.0000554  -0.0002217
C73       1   16.3537   16.8337   18.7801   1   0.0000518  0.0000689  0.0002023
C74       1   16.5635   17.7615   16.3688   1   0.0001061  -0.0000735  0.0000000
C75       1   18.7215   19.1127   15.5600   1   -0.0000719  -0.0001371  0.0001251
C76       1   20.6887   19.2695   17.3723   1   0.0000794  0.0001624  -0.0000092
C77       1   20.5772   18.2056   19.8497   1   0.0000915  0.0001400  -0.0000798
C78       1   18.3379   15.5487   23.1643   1   0.0002319  0.0000506  -0.0001408
C79       1   18.4721   12.6952   22.6805   1   -0.0000526  0.0000235  -0.0000086
C80       1   15.9096   19.2242   24.7913   1   0.0000298  0.0002779  -0.0000200
C81       1   16.2800   16.1798   25.0634   1   0.0003950  0.0000558  0.0003129
C82       1   16.7354   15.3767   27.7582   1   0.0001524  -0.0000940  0.0000941
C83       1   15.2577   20.5262   27.4105   1   0.0002361  0.0000850  -0.0002311
C84       1   14.1956   23.1529   26.9683   1   0.0000234  -0.0002241  -0.0002341
C85       1   16.0627   24.6553   25.2505   1   0.0000531  -0.0002576  -0.0001265
C86       1   14.8457   26.3674   30.3925   1   -0.0002269  0.0003486  -0.0003656
C87       1   13.7723   24.2376   29.5138   1   -0.0003914  -0.0003818  -0.0001681
C88       1   14.6983   27.4747   2.5096    1   -0.0003937  -0.0003653  -0.0001517
C89       1   13.8933   26.0008   4.8339    1   0.0000415  -0.0002002  0.0003612
C90       1   14.1900   27.6826   7.2622    1   -0.0000079  0.0002262  0.0000209
C91       1   13.9103   19.3508   6.1511    1   0.0001025  -0.0002158  0.0004152
C92       1   11.7862   19.4963   4.6053    1   0.0001789  -0.0002099  0.0002677
C93       1   10.2442   17.3836   4.0421    1   -0.0000843  -0.0002188  -0.0000194
C94       1   10.8073   15.0271   5.2043    1   0.0000724  -0.0000686  0.0001396
C95       1   13.0807   14.8589   6.4383    1   -0.0000034  0.0000379  0.0001578
C96       1   14.5811   16.9981   7.0940    1   0.0000383  0.0001533  0.0004368
C97       1   15.0347   21.7149   7.2263    1   -0.0000375  -0.0000775  0.0001922
C98       1   15.7887   23.7425   5.0248    1   0.0001159  0.0000153  -0.0000469
C99       1   17.4535   21.2405   8.7475    1   0.0001492  -0.0000674  -0.0002544
C100      1   18.3568   23.6802   10.2140   1   -0.0004170  0.0000531  0.0000213
C101      1   11.3969   12.2681   16.5880   1   -0.0000541  -0.0000317  -0.0000600
C102      1   11.0473   13.0429   13.7950   1   0.0002122  0.0001045  -0.0002940
C103      1   8.8874    14.8457   13.1298   1   0.0001846  -0.0000805  -0.0002428
C104      1   9.3088    17.6557   13.8404   1   -0.0001689  0.0000783  -0.0002188
C105      1   10.9377   19.0995   11.9620   1   0.0000765  -0.0004703  -0.0001533
C106      1   3.8664    17.9562   10.8489   1   0.0001762  -0.0002114  -0.0001733
C107      1   2.4094    16.1194   11.9941   1   0.0000819  0.0001798  -0.0001035
C108      1   1.4173    14.2259   10.4048   1   -0.0004645  0.0000456  -0.0000814
C109      1   1.6630    14.2164   7.7857    1   0.0002141  -0.0001243  0.0002610
C110      1   3.1162    16.1307   6.6821    1   -0.0001992  -0.0000686  -0.0002386
C111      1   4.1083    17.9996   8.2317    1   0.0000395  -0.0000762  0.0002788
C112      1   5.2024    20.1350   12.3531   1   0.0002316  -0.0002349  0.0002332
C113      1   6.8786    19.1543   14.4375   1   0.0001323  -0.0003031  0.0002153
C114      1   3.5357    25.1636   10.2877   1   -0.0000945  0.0000307  -0.0003247
C115      1   4.7281    27.1176   11.5765   1   0.0000476  0.0000971  0.0003787
C116      1   6.7652    28.4725   10.6184   1   0.0001226  -0.0000392  -0.0000243
C117      1   7.4795    27.9358   8.1031    1   0.0002110  0.0000492  0.0001430
C118      1   6.2399    26.1085   6.6273    1   -0.0000237  -0.0001932  -0.0001084
C119      1   4.2953    24.7063   7.8008    1   0.0004708  -0.0000725  -0.0001779
C120      1   1.7461    23.5706   11.9015   1   -0.0000060  0.0002886  0.0000400
C121      1   3.3845    21.8925   13.6023   1   0.0003716  -0.0007019  0.0004425
C122      1   27.1025   21.8566   13.9726   1   -0.0002679  0.0000548  -0.0002061
C123      1   25.8590   24.1734   13.9103   1   0.0000712  0.0000605  -0.0003968
C124      1   24.9066   25.2845   16.1931   1   -0.0000862  0.0000914  -0.0002218
C125      1   24.9104   23.8257   18.4343   1   -0.0000635  0.0001243  -0.0000151
C126      1   26.1670   21.4238   18.3738   1   0.0002946  -0.0002749  -0.0002419
C127      1   27.3595   20.5111   16.3027   1   0.0000099  0.0001629  -0.0005640
C128      1   28.1796   20.5886   11.5481   1   0.0001265  0.0002447  0.0001739
C129      1   30.1393   22.3441   10.2480   1   0.0000196  0.0000973  0.0000172
C130      1   25.5151   20.8683   7.3529    1   -0.0000335  0.0004420  -0.0000241
C131      1   26.1444   19.4113   9.7302    1   -0.0002901  0.0002163  -0.0001448
C132      1   23.7671   18.6856   11.0247   1   -0.0000511  0.0000637  0.0000604
C133      1   24.0071   19.4736   5.3366    1   -0.0001696  0.0000817  0.0000928
C134      1   24.7120   16.7581   4.8075    1   -0.0000140  -0.0003228  -0.0001594
C135      1   27.3519   16.5729   3.5773    1   0.0000948  0.0001279  -0.0007151
C136      1   21.1385   13.5550   4.2330    1   -0.0001041  0.0000468  0.0003665
C137      1   22.5388   15.4221   3.2106    1   0.0002221  -0.0002520  -0.0004105
C138      1   18.9861   12.1925   2.8308    1   -0.0001809  -0.0001143  -0.0000913
C139      1   19.3791   9.3088    2.5738    1   -0.0002600  -0.0004368  0.0001398
C140      1   17.5763   7.9539    0.8107    1   0.0003951  0.0002999  0.0000518
C141      1   24.3038   7.0128    5.0645    1   0.0000391  -0.0001237  0.0000503
C142      1   24.9557   8.8836    6.6651    1   0.0005228  -0.0000212  0.0002250
C143      1   27.0968   10.2744   6.2361    1   0.0003348  0.0001653  0.0001324
C144      1   28.7824   9.6867    4.3331    1   0.0001621  0.0000555  -0.0003424
C145      1   28.1399   7.5873    2.8025    1   -0.0001510  0.0001688  0.0002663
C146      1   25.8345   6.3665    2.9385    1   0.0000169  -0.0001488  0.0002660
C147      1   21.7602   5.8317    5.3857    1   -0.0000978  -0.0002012  0.0000234
C148      1   19.5719   7.8367    5.2024    1   -0.0002587  -0.0000003  -0.0000783
C149      1   21.3917   4.4012    7.9009    1   0.0003304  0.0003291  0.0000223
C150      1   19.6456   2.0976    7.5060    1   0.0002036  -0.0000636  0.0002676
C151      1   29.7178   5.9621    19.5133   1   0.0005126  0.0000446  -0.0003677
C152      1   29.5156   3.0727    19.5643   1   0.0000985  0.0000922  0.0002535
C153      1   0.3288    1.5723    21.5070   1   -0.0001632  -0.0000987  0.0000481
C154      1   2.9555    0.4857    20.7927   1   0.0001167  0.0000278  0.0001413
C155      1   2.7552    29.6933   18.1981   1   -0.0001439  -0.0000877  -0.0001454
C156      1   8.6190    1.2472    23.7047   1   -0.0000071  -0.0001587  -0.0000558
C157      1   8.0691    29.4268   24.6401   1   -0.0000620  0.0003523  -0.0002631
C158      1   9.0423    28.6974   26.9702   1   0.0001482  -0.0003090  0.0000242
C159      1   10.4974   30.2715   28.5273   1   -0.0003929  0.0000791  0.0000353
C160      1   10.8792   2.1524    27.6373   1   -0.0000482  0.0003367  0.0002973
C161      1   9.9683    2.7968    25.2241   1   -0.0002745  -0.0000097  0.0000058
C162      1   7.7044    2.2790    21.1819   1   -0.0001987  0.0001492  0.0002228
C163      1   4.8585    2.6910    21.0534   1   -0.0001557  0.0003399  -0.0003012
C164      1   12.7519   28.9601   18.1962   1   0.0005533  0.0006518  -0.0000072
C165      1   11.5576   26.9929   16.8564   1   -0.0000209  0.0000314  -0.0000236
C166      1   12.7727   24.6628   16.6258   1   -0.0001239  0.0001681  0.0003088
C167      1   15.0951   24.1450   17.7389   1   -0.0001264  0.0000177  0.0000742
C168      1   16.2441   26.0782   19.0730   1   0.0001776  -0.0002813  0.0002195
C169      1   15.1386   28.4385   19.2677   1   0.0001165  0.0000095  -0.0003751
C170      1   11.5425   0.9978    18.3776   1   -0.0004129  0.0003314  -0.0002137
C171      1   8.7457    0.7068    19.0484   1   -0.0001232  -0.0001306  -0.0002949
C172      1   16.6050   2.6872    15.1121   1   -0.0001691  0.0000346  0.0001773
C173      1   16.7675   0.2986    13.9726   1   0.0001481  -0.0002960  -0.0001119
C174      1   19.1713   29.7972   13.4605   1   0.0003668  -0.0000948  0.0000252
C175      1   21.3464   0.5386    14.0879   1   0.0003803  -0.0000646  0.0000387
C176      1   21.2386   2.8138    15.4712   1   0.0002671  0.0002489  -0.0001344
C177      1   18.8727   3.8021    16.0135   1   -0.0000470  0.0001141  -0.0003062
C178      1   14.1805   4.2122    15.3673   1   0.0001943  0.0000192  -0.0000818
C179      1   11.8108   2.6815    16.0079   1   -0.0000593  0.0000573  0.0002424
C180      1   12.9635   3.9098    10.5787   1   0.0000490  0.0001691  -0.0002008
C181      1   13.5361   5.5917    12.8161   1   -0.0000164  -0.0002444  0.0000515
C182      1   15.6677   7.5060    12.2417   1   0.0000422  0.0000255  0.0003470
C183      1   13.1317   5.1665    8.1353    1   0.0000495  -0.0004267  -0.0001910
C184      1   10.7885   6.5120    7.1148    1   0.0001302  -0.0001971  -0.0000767
C185      1   11.3138   7.2547    4.3256    1   -0.0001995  0.0001759  0.0002753
C186      1   7.8084    9.1463    9.8493    1   -0.0000523  -0.0001422  0.0000562
C187      1   10.0137   8.7381    8.4376    1   -0.0002667  -0.0001835  -0.0000510
C188      1   5.7089    7.2679    10.3614   1   0.0000763  0.0000646  -0.0001942
C189      1   4.2254    7.4701    12.9465   1   0.0001634  -0.0000293  -0.0002022
C190      1   6.0528    7.2339    15.1632   1   0.0002409  -0.0001760  -0.0001974
C191      1   29.5478   3.3675    9.9967    1   -0.0000125  0.0000073  0.0003033
C192      1   29.1963   1.1830    11.5481   1   -0.0001635  -0.0000869  0.0000956
C193      1   28.1116   29.5723   10.6127   1   -0.0001562  -0.0000604  -0.0000193
C194      1   27.3009   29.3399   8.1391    1   0.0002378  0.0001866  -0.0001669
C195      1   27.6032   0.9468    6.6122    1   -0.0000103  -0.0002945  0.0001661
C196      1   28.7050   3.1804    7.5060    1   -0.0000016  -0.0000456  0.0000657
C197      1   0.0189    5.9394    10.9623   1   -0.0002843  0.0001241  0.0000983
C198      1   2.2015    5.4500    12.7840   1   -0.0002773  -0.0004635  0.0000893
C199      1   28.5708   7.7252    12.0565   1   0.0003390  -0.0002824  -0.0000454
C200      1   26.4562   6.5007    13.7156   1   0.0001230  -0.0002590  -0.0001378
H201      2   7.2698    0.8731    4.2613    1   0.0008576  -0.0011391  0.0003067
H202      2   6.2342    3.5073    5.8544    1   0.0000332  0.0008092  -0.0007368
H203      2   4.0119    1.3757    4.0629    1   0.0019869  0.0000877  -0.0000311
H204      2   6.3363    2.3848    0.1077    1   -0.0004595  0.0014244  -0.0009252
H205      2   8.2279    4.5448    1.5704    1   0.0007523  -0.0011918  0.0001859
H206      2   4.5996    7.6477    2.4944    1   -0.0005470  -0.0006432  -0.0001424
H207      2   2.5833    5.1967    1.9615    1   0.0004198  0.0000362  -0.0001219
H208      2   6.2550    6.4477    28.6275   1   -0.0005711  -0.0001222  -0.0011868
H209      2   0.8768    4.5297    28.2873   1   -0.0001031  0.0007452  -0.0003791
H210      2   3.8702    3.0803    27.7317   1   -0.0007261  0.0003438  -0.0003060
H211      2   2.6135    5.3007    25.5964   1   -0.0008909  -0.0001246  -0.0002452
H212      2   5.8638    10.1384   23.6348   1   -0.0014307  -0.0005438  -0.0011383
H213      2   9.1425    8.6984    20.6245   1   0.0000482  0.0003832  0.0005144
H214      2   13.6060   7.8235    22.2383   1   0.0005974  0.0000754  0.0004333
H215      2   14.6416   8.6852    26.6527   1   0.0013419  -0.0004189  -0.0012328
H216      2   11.1513   9.9740    29.7008   1   0.0005246  0.0006692  0.0002370
H217      2   7.1205    10.5258   0.2797    1   -0.0013586  -0.0001482  -0.0006721
H218      2   2.6872    10.2971   27.0968   1   0.0006966  -0.0008208  -0.0004672
H219      2   2.3319    10.1478   30.2413   1   -0.0000191  0.0002107  -0.0010513
H220      2   8.9630    19.1543   29.2416   1   -0.0012424  0.0005281  0.0005197
H221      2   8.1693    22.5577   1.9634    1   -0.0004224  0.0004287  0.0013720
H222      2   3.9344    24.2679   2.7760    1   -0.0000044  -0.0006003  0.0008453
H223      2   0.1380    21.8339   0.7389    1   -0.0012395  -0.0005822  -0.0006915
H224      2   1.0545    18.3663   28.6029   1   0.0002832  -0.0009251  0.0004914
H225      2   3.3769    15.4240   26.5771   1   0.0010436  -0.0001766  -0.0000793
H226      2   5.2516    14.5396   0.4819    1   0.0004743  -0.0004195  0.0002575
H227      2   8.2562    14.9137   29.7481   1   -0.0008464  0.0001590  -0.0008341
H228      2   1.2888    17.9826   23.1435   1   0.0011484  -0.0003546  0.0008789
H229      2   28.5235   15.3200   21.8471   1   -0.0002116  -0.0001182  -0.0001908
H230      2   29.4514   11.7182   18.4041   1   0.0000594  -0.0003806  -0.0003679
H231      2   3.4979    10.5636   17.9033   1   -0.0001641  0.0011923  0.0002392
H232      2   6.6197    13.3830   19.4113   1   0.0004720  -0.0002063  0.0000852
H233      2   8.0994    17.6160   21.2330   1   0.0003149  -0.0000824  -0.0002105
H234      2   8.9384    17.0718   25.8288   1   0.0010596  0.0001933  -0.0007057
H235      2   7.8310    14.2410   24.6931   1   -0.0004738  -0.0001787  -0.0000530
H236      2   5.9300    21.8944   19.2318   1   -0.0004431  -0.0005404  -0.0000815
H237      2   3.0387    20.7813   20.3505   1   -0.0009388  0.0000477  0.0002178
H238      2   4.9530    20.3354   24.9841   1   -0.0004169  0.0006538  -0.0003983
H239      2   9.7793    20.2428   24.0676   1   0.0010807  -0.0000017  -0.0005383
H240      2   8.5094    23.0717   25.3205   1   -0.0002572  0.0017112  0.0008558
H241      2   8.9214    22.7221   22.0928   1   0.0011784  -0.0001430  -0.0007224
H242      2   3.5886    25.8137   19.6758   1   -0.0007872  -0.0000158  -0.0013106
H243      2   5.5898    25.5699   22.0626   1   0.0010112  -0.0006115  0.0008642
H244      2   0.5972    26.9418   22.3290   1   0.0001077  -0.0000602  0.0000529
H245      2   3.1124    28.2136   25.6776   1   0.0000219  0.0005447  0.0017574
H246      2   4.1971    24.9954   26.3485   1   -0.0005502  -0.0003144  0.0015810
H247      2   0.8371    25.8552   27.0401   1   0.0000417  -0.0009280  -0.0005058
H248      2   30.3660   22.0890   27.0023   1   0.0007269  -0.0000909  -0.0002774
H249      2   29.9805   22.7939   21.5145   1   -0.0002838  0.0002971  -0.0000942
H250      2   28.0076   18.2151   25.8269   1   0.0004118  0.0008640  0.0003296
H251      2   26.1576   20.2314   23.9523   1   0.0001397  -0.0007596  0.0017415
H252      2   27.0193   21.3256   29.6347   1   -0.0003639  -0.0001063  -0.0003596
H253      2   22.0229   19.5265   27.2612   1   -0.0011448  0.0005107  -0.0008670
H254      2   22.5123   20.8947   30.5115   1   0.0001801  -0.0004465  0.0000850
H255      2   23.9447   18.1754   29.6706   1   -0.0003891  0.0001153  0.0005917
H256      2   28.1172   25.5340   3.0878    1   -0.0000933  0.0006141  -0.0001932
H257      2   1.0318    28.6388   3.8097    1   0.0004463  0.0008477  0.0010554
H258      2   2.1543    0.8920    0.2003    1   -0.0011368  -0.0004227  0.0006908
H259      2   29.7651   1.6913    27.3840   1   -0.0012323  0.0001514  0.0002606
H260      2   25.9648   29.4930   26.9003   1   0.0000116  -0.0004887  -0.0006377
H261      2   24.6798   24.2320   0.9014    1   0.0010880  0.0003266  -0.0004073
H262      2   26.1897   24.9765   26.3220   1   0.0005568  -0.0003171  0.0010633
H263      2   23.2172   23.3532   26.5488   1   0.0004511  0.0002394  -0.0006016
H264      2   20.6755   25.5056   30.0221   1   0.0001929  0.0009087  0.0005390
H265      2   22.1589   28.5859   28.7484   1   0.0002290  0.0000975  0.0007042
H266      2   23.6802   29.2038   2.7155    1   0.0003186  -0.0006810  0.0014856
H267      2   21.8660   26.4203   3.6453    1   -0.0005723  -0.0006452  -0.0006030
H268      2   20.3146   29.1604   2.5908    1   0.0000216  -0.0001016  0.0005181
H269      2   24.5816   29.2908   19.4793   1   -0.0005578  -0.0008863  -0.0011906
H270      2   24.1054   1.7707    20.4431   1   -0.0010682  -0.0006368  -0.0002166
H271      2   25.3677   30.1582   22.5747   1   0.0002264  0.0003386  -0.0004894
H272      2   21.3199   27.4993   22.1722   1   -0.0012555  0.0011377  -0.0010609
H273      2   19.9876   29.8936   20.3108   1   0.0000611  0.0008095  0.0001435
H274      2   21.2065   30.2054   25.9535   1   -0.0000837  0.0001466  0.0003815
H275      2   18.1943   29.7311   24.7498   1   -0.0001273  0.0008464  0.0006107
H276      2   18.4607   3.1143    21.9889   1   -0.0001463  0.0010494  -0.0011748
H277      2   15.5676   2.5039    25.4905   1   -0.0019649  -0.0001227  0.0000480
H278      2   16.6523   5.5652    25.4603   1   -0.0004443  -0.0007344  -0.0006173
H279      2   17.6671   3.5470    27.6864   1   0.0010620  -0.0008394  0.0001531
H280      2   26.3617   7.1602    23.0679   1   -0.0001986  -0.0001945  0.0000852
H281      2   30.1525   9.0234    24.5664   1   0.0003757  -0.0006684  -0.0009106
H282      2   29.6423   12.3890   28.0832   1   -0.0006366  0.0001223  -0.0002269
H283      2   25.4924   13.3226   29.7878   1   0.0001421  0.0000222  -0.0002608
H284      2   21.7564   10.9623   28.4839   1   -0.0007597  -0.0012289  -0.0006183
H285      2   19.8950   8.0654    25.9063   1   -0.0011386  -0.0010513  0.0008711
H286      2   22.6578   3.7152    26.0896   1   0.0000800  -0.0012685  -0.0006527
H287      2   23.1000   4.2708    22.8884   1   -0.0011234  -0.0024016  0.0008192
H288      2   17.9316   11.0908   17.2740   1   -0.0007829  0.0010510  -0.0002664
H289      2   19.1618   11.7598   12.7292   1   0.0012402  -0.0011718  0.0009202
H290      2   23.5460   12.9125   11.6691   1   0.0006592  0.0016205  -0.0005768
H291      2   26.7812   13.6344   15.1821   1   -0.0003300  0.0006446  0.0008027
H292      2   25.3809   13.2886   19.6721   1   -0.0002011  0.0005631  0.0000773
H293      2   22.7712   12.0035   22.7013   1   0.0002680  -0.0004458  0.0006205
H294      2   22.4273   7.9595    20.6113   1   -0.0000444  -0.0005783  -0.0008744
H295      2   18.9407   7.9312    21.6034   1   -0.0006082  0.0007498  -0.0000803
H296      2   14.7436   15.8926   19.5247   1   0.0005593  -0.0005772  -0.0005889
H297      2   14.7436   17.8863   15.2482   1   0.0005351  0.0000700  0.0015426
H298      2   19.0579   20.1596   13.7931   1   0.0009447  0.0010175  -0.0000945
H299      2   22.4027   20.2730   16.9338   1   -0.0005988  -0.0002144  -0.0008426
H300      2   21.9359   18.6251   21.2840   1   0.0002949  0.0000567  0.0003663
H301      2   20.2635   15.9380   24.0298   1   0.0008033  0.0000549  0.0009448
H302      2   16.9036   11.9922   21.4030   1   0.0006077  0.0003121  -0.0011843
H303      2   18.0941   11.6407   24.5003   1   0.0001271  -0.0004991  0.0006165
H304      2   17.4989   20.3108   24.0430   1   0.0001970  0.0003904  0.0000807
H305      2   14.3052   19.5341   23.5649   1   0.0004870  -0.0008490  -0.0000281
H306      2   14.3903   15.6375   24.6553   1   0.0012233  -0.0004885  0.0004368
H307      2   17.0529   13.3018   28.1399   1   -0.0005457  -0.0007757  0.0000718
H308      2   15.1310   15.8227   28.8656   1   0.0012896  -0.0000030  0.0011935
H309      2   18.4154   16.3348   28.6199   1   0.0001125  -0.0003408  0.0003823
H310      2   16.9924   20.6661   28.4536   1   0.0004289  -0.0003260  -0.0018525
H311      2   13.9670   19.4831   28.5651   1   0.0006979  0.0005363  -0.0002460
H312      2   12.4117   22.7844   25.9025   1   0.0006797  0.0012899  -0.0008828
H313      2   15.5033   26.5941   25.1315   1   -0.0006828  -0.0000770  -0.0008226
H314      2   15.8718   23.9750   23.2588   1   -0.0004481  0.0003081  0.0008858
H315      2   17.9883   24.1602   25.6323   1   -0.0004433  0.0005661  0.0013750
H316      2   15.9455   27.5258   29.1755   1   0.0007960  0.0003754  -0.0010355
H317      2   12.4325   23.3192   0.1606    1   0.0005027  0.0011236  -0.0002671
H318      2   13.9764   29.4590   2.4529    1   -0.0011388  -0.0003169  0.0014987
H319      2   16.6787   27.9793   2.8025    1   0.0002257  -0.0003353  0.0012197
H320      2   11.9091   25.1523   4.7753    1   0.0008482  -0.0007117  0.0013697
H321      2   13.5739   26.6659   8.9120    1   0.0000881  0.0015334  0.0000581
H322      2   12.9390   29.3116   7.1772    1   -0.0003005  -0.0002710  0.0011737
H323      2   16.1798   28.3213   7.4947    1   0.0017259  0.0005790  -0.0001927
H324      2   11.4347   21.3539   3.9495    1   -0.0001969  -0.0008755  -0.0003678
H325      2   8.4981    17.6463   3.1162    1   0.0002442  -0.0012141  -0.0013514
H326      2   9.5488    13.4208   4.9586    1   -0.0003949  0.0004132  0.0006145
H327      2   13.7686   12.9900   7.2887    1   -0.0002261  -0.0000556  0.0021824
H328      2   16.1628   16.5521   8.1447    1   -0.0001822  -0.0006766  -0.0000139
H329      2   13.5323   22.3687   8.6266    1   0.0004543  0.0002688  -0.0005183
H330      2   16.2951   23.0509   3.1199    1   -0.0000695  -0.0007040  0.0000159
H331      2   17.5272   24.8707   5.5785    1   0.0009114  -0.0002177  -0.0006463
H332      2   19.1184   20.7586   7.5381    1   0.0004894  0.0004351  0.0004874
H333      2   17.3685   19.7514   10.2367   1   0.0011359  -0.0002830  0.0003098
H334      2   16.9622   24.1677   11.6445   1   0.0004701  0.0018602  -0.0003248
H335      2   18.7820   25.1258   8.7986    1   -0.0015266  -0.0002660  0.0010198
H336      2   20.0746   23.2361   11.2363   1   0.0006536  -0.0002104  0.0009395
H337      2   9.9078    11.0738   17.4327   1   0.0009502  -0.0001506  -0.0000713
H338      2   13.1979   11.3705   16.8960   1   -0.0002646  0.0004807  -0.0012992
H339      2   11.4196   14.0010   17.7767   1   -0.0002033  0.0006055  0.0003994
H340      2   11.0190   11.2004   12.9087   1   -0.0010847  -0.0003035  0.0003669
H341      2   12.7084   13.9991   12.9919   1   -0.0007657  -0.0014510  0.0004144
H342      2   7.2395    14.2958   14.3336   1   -0.0011619  -0.0011185  0.0013855
H343      2   8.3790    14.6322   11.1059   1   0.0006552  0.0000616  0.0001115
H344      2   10.3519   17.5896   15.5997   1   -0.0002720  0.0009978  -0.0001363
H345      2   9.8455    19.3281   10.1648   1   0.0002901  -0.0005624  -0.0005370
H346      2   12.6177   18.1414   11.4347   1   0.0000062  0.0008600  -0.0000353
H347      2   11.4272   21.0213   12.3645   1   0.0002959  -0.0002642  0.0001405
H348      2   1.9559    15.9776   13.9254   1   0.0014066  0.0013868  0.0001710
H349      2   0.4422    12.5894   11.3403   1   -0.0011594  0.0010910  -0.0003421
H350      2   0.8334    12.8123   6.6745    1   -0.0006540  0.0001955  -0.0007259
H351      2   3.3070    16.2970   4.6903    1   -0.0001175  0.0005404  -0.0007554
H352      2   5.2686    19.4793   7.4852    1   0.0003246  -0.0000207  -0.0010657
H353      2   6.3287    21.2972   11.0114   1   0.0004540  0.0005897  -0.0006346
H354      2   5.8506    17.9770   15.7244   1   0.0000252  0.0009195  -0.0007293
H355      2   7.5381    20.8399   15.5865   1   -0.0000386  -0.0012100  0.0013975
H356      2   4.0686    27.4426   13.4927   1   0.0013454  0.0011044  0.0004833
H357      2   7.8065    29.8350   11.7730   1   0.0006826  0.0002212  -0.0004547
H358      2   9.1217    28.8864   7.3832    1   0.0006111  0.0006284  0.0002266
H359      2   6.9296    25.4924   4.8547    1   -0.0018816  -0.0002420  0.0016024
H360      2   3.3505    23.2947   6.5271    1   -0.0008181  0.0004357  -0.0000268
H361      2   0.8976    24.9614   13.2262   1   0.0003307  -0.0006313  -0.0009827
H362      2   2.1146    20.8966   15.0309   1   0.0000116  -0.0002868  -0.0013455
H363      2   4.3955    23.1643   14.8608   1   0.0001145  0.0006422  0.0004634
H364      2   25.6530   25.0408   12.0262   1   0.0008568  0.0005234  -0.0006122
H365      2   23.9296   27.0439   16.0324   1   -0.0009928  0.0001055  0.0003066
H366      2   24.2811   24.7838   20.0765   1   0.0003403  -0.0001370  0.0003610
H367      2   25.9592   20.1672   20.0292   1   -0.0007077  0.0002273  0.0000726
H368      2   28.4177   18.5741   16.5049   1   -0.0012007  -0.0007694  0.0008614
H369      2   29.2171   18.9634   12.3475   1   0.0000303  0.0003824  0.0006275
H370      2   29.1849   24.0109   9.5563    1   0.0001867  -0.0004044  0.0008086
H371      2   0.4800    21.4541   8.5718    1   0.0010452  0.0009114  0.0004317
H372      2   24.5192   22.7088   7.6572    1   -0.0004336  0.0004751  0.0001049
H373      2   27.2499   21.5675   6.3722    1   -0.0000928  0.0005422  0.0000182
H374      2   27.1308   17.7370   8.9327    1   0.0004204  0.0012078  -0.0009497
H375      2   22.3498   20.2031   11.1456   1   0.0010301  0.0009219  -0.0015236
H376      2   24.2244   17.9713   12.8766   1   -0.0006378  0.0002133  0.0010587
H377      2   22.6918   17.1682   10.0420   1   0.0008193  0.0002180  0.0009789
H378      2   23.9920   20.4979   3.4922    1   -0.0001751  0.0000334  0.0004571
H379      2   21.9813   19.5360   5.7126    1   -0.0001612  0.0012147  -0.0002328
H380      2   24.7252   15.5959   6.5460    1   0.0008429  0.0002453  0.0004914
H381      2   28.9468   17.4290   4.5278    1   -0.0001979  -0.0000577  0.0005218
H382      2   27.1705   17.3836   1.6951    1   0.0008341  0.0002993  -0.0001045
H383      2   27.9037   14.5622   3.2617    1   0.0002806  0.0004038  -0.0003830
H384      2   21.7224   12.9616   6.1756    1   0.0011723  -0.0003824  -0.0008786
H385      2   22.2496   15.8132   1.0715    1   -0.0008021  -0.0005488  -0.0003739
H386      2   19.0031   13.2451   1.1433    1   -0.0009848  0.0006430  0.0001102
H387      2   17.2022   12.6442   3.7738    1   0.0011392  -0.0008943  -0.0009131
H388      2   21.2859   9.0631    1.7102    1   -0.0009277  0.0020971  0.0008387
H389      2   18.3133   5.9640    0.4157    1   0.0003316  -0.0005010  0.0003865
H390      2   17.1682   8.8080    29.5024   1   0.0007583  0.0002078  0.0004485
H391      2   15.6337   7.7951    1.6044    1   0.0004596  0.0002165  -0.0006219
H392      2   23.7274   9.4354    8.2298    1   0.0012103  -0.0010984  0.0005340
H393      2   27.4747   11.8750   7.5117    1   0.0002521  -0.0003021  -0.0007018
H394      2   30.5059   10.6751   3.9741    1   -0.0002686  -0.0005213  0.0011943
H395      2   29.3853   7.0562    1.2642    1   -0.0006704  0.0003356  0.0004949
H396      2   25.4565   4.8339    1.5949    1   -0.0005369  0.0013591  -0.0006692
H397      2   21.8245   4.3445    3.9155    1   -0.0004045  0.0017970  -0.0004406
H398      2   20.0160   9.1557    6.7369    1   0.0002116  -0.0009004  -0.0000885
H399      2   17.6708   7.2301    5.7542    1   -0.0003699  0.0003847  0.0001724
H400      2   20.4563   5.8128    9.1803    1   0.0008706  0.0001332  0.0002703
H401      2   23.0414   3.9817    9.0234    1   0.0004679  0.0012251  0.0005224
H402      2   20.4903   0.2948    6.9088    1   0.0001323  0.0008317  -0.0009686
H403      2   18.0129   2.4094    6.2115    1   0.0003233  0.0008918  0.0000545
H404      2   18.7045   1.5723    9.3012    1   -0.0000922  -0.0004196  -0.0008447
H405      2   0.7748    6.6424    18.3965   1   0.0000103  0.0002806  -0.0002450
H406      2   27.9150   6.5989    18.6988   1   0.0013399  -0.0001499  0.0005740
H407      2   30.0297   6.6424    21.4881   1   -0.0015457  -0.0001903  0.0010893
H408      2   30.0297   2.4226    17.6312   1   -0.0016552  -0.0011176  0.0006237
H409      2   27.5031   2.6513    19.6532   1   0.0003793  0.0000167  -0.0000956
H410      2   29.6423   30.5626   21.9719   1   -0.0002331  -0.0006871  -0.0007717
H411      2   0.6255    2.5511    23.2682   1   0.0000211  0.0004772  0.0000322
H412      2   3.3845    29.6139   22.1570   1   -0.0004804  0.0009455  0.0006826
H413      2   1.0488    28.3157   18.3152   1   -0.0005257  -0.0007277  0.0001129
H414      2   4.4900    28.5708   17.7540   1   -0.0008579  0.0004853  -0.0001778
H415      2   2.5417    0.3345    16.4860   1   -0.0001027  -0.0011811  -0.0002818
H416      2   6.9977    28.2439   23.4118   1   -0.0010294  0.0003720  0.0004811
H417      2   8.6493    26.6754   27.4672   1   -0.0008787  0.0005076  -0.0000386
H418      2   11.0511   29.5686   30.3641   1   0.0000979  -0.0001914  0.0001340
H419      2   12.1547   3.4242    28.7031   1   -0.0002436  -0.0001364  -0.0000925
H420      2   10.4974   4.6638    24.5400   1   0.0002878  0.0000122  -0.0000026
H421      2   8.5094    4.1782    20.9023   1   -0.0006342  -0.0008180  0.0008568
H422      2   4.3313    4.2141    19.7080   1   -0.0003894  0.0002510  0.0001819
H423      2   4.6204    3.5111    22.9507   1   0.0006041  -0.0008121  -0.0003599
H424      2   9.6886    27.2763   15.9021   1   0.0007820  -0.0000809  -0.0002709
H425      2   12.0187   23.1926   15.4466   1   0.0001192  -0.0002041  -0.0005823
H426      2   15.8435   22.1948   17.7011   1   0.0005303  -0.0014512  -0.0005748
H427      2   18.0204   25.7929   20.1332   1   -0.0005696  -0.0003224  0.0002495
H428      2   15.9739   29.9163   20.3920   1   0.0007583  -0.0001843  0.0003666
H429      2   12.5648   1.7952    20.0557   1   -0.0007488  -0.0007121  -0.0004335
H430      2   8.3413    29.2927   19.5549   1   -0.0002105  0.0006188  -0.0001589
H431      2   7.6685    1.0866    17.2154   1   0.0003831  -0.0003428  0.0002212
H432      2   15.1008   29.7991   13.4227   1   0.0002014  -0.0004735  0.0003385
H433      2   19.3773   27.8961   12.7179   1   -0.0000946  0.0008093  -0.0003602
H434      2   23.2115   30.1959   13.6533   1   -0.0007169  -0.0006691  0.0006929
H435      2   22.8619   3.8550    16.2668   1   -0.0007492  0.0007046  -0.0005105
H436      2   18.7518   5.5879    17.1701   1   -0.0002635  -0.0005460  0.0008006
H437      2   14.4980   5.8374    16.6409   1   0.0011820  -0.0002875  0.0007848
H438      2   11.2439   1.5118    14.4583   1   0.0002162  0.0008704  -0.0007864
H439      2   10.3028   4.0459    16.1250   1   -0.0001781  -0.0000302  0.0008955
H440      2   14.1389   2.1562    10.6543   1   -0.0009032  0.0010383  0.0001976
H441      2   10.8810   3.3467    10.6770   1   0.0003817  0.0002004  0.0003718
H442      2   11.7069   6.6103    12.9843   1   -0.0000930  0.0008989  -0.0002300
H443      2   16.4501   7.7347    14.1352   1   -0.0000444  -0.0005206  -0.0003731
H444      2   15.0271   9.2823    11.4555   1   0.0004097  -0.0011271  0.0005640
H445      2   17.1455   6.6896    11.1532   1   0.0000843  0.0006670  -0.0002708
H446      2   13.5304   3.7265    6.6254    1   -0.0000064  -0.0011953  -0.0011441
H447      2   14.7040   6.5309    8.0370    1   0.0010268  -0.0004870  0.0007100
H448      2   9.2200    5.1760    7.2811    1   0.0000476  -0.0004950  0.0001349
H449      2   12.5969   8.9308    4.3029    1   -0.0000527  -0.0005490  0.0002920
H450      2   9.7378    7.8858    3.2995    1   -0.0002452  0.0016719  0.0004692
H451      2   12.2870   5.7448    3.1729    1   0.0006433  0.0003029  0.0013299
H452      2   7.5173    10.7922   10.9396   1   0.0011424  -0.0002955  0.0010044
H453      2   11.5160   10.0704   8.7098    1   0.0000483  -0.0006983  0.0006666
H454      2   6.5592    5.3309    10.2461   1   -0.0002004  0.0001327  0.0003325
H455      2   4.3124    7.4644    8.7589    1   -0.0004750  -0.0002315  -0.0006685
H456      2   3.2730    9.2937    13.0523   1   -0.0005529  -0.0009479  0.0011210
H457      2   6.8748    5.4594    15.2293   1   -0.0013001  -0.0006217  -0.0002779
H458      2   4.8415    7.4210    16.8620   1   -0.0010047  0.0000757  -0.0002839
H459      2   7.4588    8.7268    15.3219   1   0.0010335  -0.0006858  0.0006406
H460      2   30.0070   1.2397    13.4208   1   0.0009444  -0.0001896  -0.0004420
H461      2   28.1494   28.0246   11.8977   1   -0.0011630  0.0012878  0.0007069
H462      2   26.5658   27.6089   7.3491    1   -0.0000428  -0.0001916  -0.0002398
H463      2   26.8077   0.8598    4.6582    1   -0.0009207  0.0010822  0.0001323
H464      2   29.0432   4.7716    6.2191    1   -0.0005201  0.0004159  0.0000701
H465      2   0.9297    6.6934    9.2143    1   0.0014908  -0.0006729  0.0006364
H466      2   3.0273    3.6547    12.2700   1   0.0016768  -0.0004390  0.0005266
H467      2   1.4230    5.1004    14.7002   1   0.0008263  -0.0015990  -0.0001721
H468      2   27.7601   8.6625    10.3236   1   0.0000470  0.0004207  0.0005624
H469      2   29.5912   9.2143    13.1846   1   -0.0003123  0.0011989  0.0008744
H470      2   25.2071   5.2572    12.6442   1   0.0001815  0.0007760  -0.0018268
H471      2   25.5019   8.1069    14.4999   1   0.0008709  0.0000847  -0.0011359
H472      2   27.1799   5.3271    15.2766   1   0.0003708  0.0007734  0.0009270

