6.814689    1.357787    4.194299    
5.384621    4.863924    1.439972    
3.182322    5.437407    1.694742    
3.474476    5.887106    28.357179   
1.503561    4.651119    28.078733   
8.034602    10.283847   25.685092   
8.704082    9.040937    23.799327   
10.877305   8.566575    23.092478   
12.276545   9.097107    24.661246   
12.046476   8.047526    24.937599   
9.509512    9.463181    27.298082   
6.304631    12.746596   29.064728   
2.834712    10.015112   29.763039   
5.939858    19.576353   29.151280   
5.936541    18.901984   30.023556   
5.312804    22.416666   0.543774    
4.032756    23.724683   2.321430    
2.579682    19.957555   0.171619    
3.784719    18.875141   29.188192   
5.131316    17.336962   28.021364   
11.440476   18.244703   3.952545    
4.551462    14.959266   20.627378   
2.870805    16.346258   21.082168   
0.192017    14.404179   19.663880   
29.907934   12.209135   18.653282   
1.536491    12.720818   18.960141   
3.608231    13.535238   19.107996   
6.721433    16.855376   23.872243   
6.180892    16.218769   26.175591   
5.207868    21.225398   22.053413   
6.061718    18.955075   22.824315   
7.113287    21.035818   23.496597   
2.765453    24.910204   22.378060   
2.188261    25.724847   24.568494   
3.656679    25.401043   26.211184   
30.214573   22.214499   24.230860   
29.980602   22.987350   22.126187   
26.548178   20.667365   26.839028   
26.648264   21.255677   29.134198   
22.492994   19.687827   27.780525   
25.772662   26.431467   30.116350   
29.104949   28.220686   1.885341    
28.696648   1.786866    7.141829    
0.264687    29.471541   1.049631    
30.389268   29.945172   29.469583   
28.272257   30.019689   28.600356   
23.445982   26.289587   30.051852   
24.775059   24.710391   28.697885   
22.096494   27.533068   0.923872    
20.868709   28.782051   2.421016    
24.333853   29.652488   20.012584   
20.676923   30.150980   23.087922   
19.731949   1.577969    24.151350   
20.518241   3.831564    24.135113   
16.144240   2.858496    25.529052   
22.617827   8.114155    25.184700   
24.899387   8.432162    25.215802   
27.167602   8.633342    25.635420   
26.840114   11.200862   27.911530   
25.542856   12.932030   29.228314   
23.965098   9.260887    27.009829   
21.256660   8.171486    23.306565   
21.571092   6.107417    24.532468   
21.138758   11.201622   17.656239   
17.594491   16.611405   19.307432   
20.227299   11.590089   15.536029   
21.941086   11.673474   14.149030   
23.918843   12.787690   14.632755   
24.410006   12.346174   16.750491   
20.950345   10.059878   21.737349   
21.909875   8.125529    21.042196   
17.234900   17.596288   19.563488   
16.468819   17.242336   17.556954   
17.965957   17.970373   15.899890   
19.734739   19.147569   16.440053   
20.120586   19.050291   18.842136   
19.511846   17.586233   20.282301   
18.288194   16.341101   21.923675   
18.402995   14.141933   22.858301   
15.554846   19.852959   26.114470   
17.287720   15.821525   24.081433   
16.566867   15.752070   26.400209   
14.735082   21.873842   27.211150   
15.139796   23.925402   26.131603   
15.920500   24.190102   23.948399   
14.681185   26.875031   1.197763    
13.967205   23.741252   28.233183   
14.227384   26.730483   3.629423    
14.812881   24.965380   30.159312   
14.039332   26.853713   6.043205    
14.424829   17.997097   6.096333    
12.873644   19.428876   5.348960    
10.900613   18.442550   4.919323    
10.500628   16.186839   4.606429    
11.700546   15.269958   6.254994    
13.860878   15.914863   6.700924    
14.525255   20.530826   6.635269    
15.376245   22.708436   6.122805    
16.234989   21.447029   7.991281    
17.882525   22.480714   9.478868    
11.200914   12.687084   15.221833   
9.961275    13.933569   13.488581   
9.123090    16.253869   13.438489   
8.067072    18.389467   14.067055   
10.143379   18.392753   12.902599   
3.995615    17.971301   9.545671    
3.513347    16.578471   11.309233   
1.898234    15.175809   11.208163   
2.127909    14.116223   9.110858    
3.990893    16.687662   7.703963    
3.077137    17.301931   7.614897    
4.520840    19.038457   11.615063   
6.043762    19.599709   13.347041   
4.674636    25.837619   10.881943   
5.719592    27.852346   11.118146   
7.256034    27.619813   9.556840    
6.856193    27.060588   7.320243    
5.683500    25.205597   7.612807    
3.862500    24.895718   9.035660    
2.610769    24.354082   11.019632   
4.261601    20.974758   12.947704   
27.610311   21.263301   12.744787   
26.893665   23.314980   14.224810   
25.394095   24.767051   15.026889   
24.537697   24.127828   17.115086   
26.248949   20.879167   17.033101   
27.314998   21.175336   15.133081   
27.125149   20.100548   10.649345   
29.156558   21.472538   10.914781   
25.818881   20.186462   8.557605    
24.953753   19.058734   10.375220   
25.923501   22.784553   14.095105   
24.769265   20.122081   6.373104    
24.373759   18.108606   5.083048    
26.043357   16.665146   4.199636    
21.427437   14.932775   3.909493    
22.226234   14.089329   3.521519    
20.072545   12.835557   3.574813    
19.165410   10.766437   2.720396    
18.438816   8.670837    1.679879    
25.538878   6.464542    4.290563    
24.642489   7.917553    5.903496    
25.720122   9.699409    5.942051    
27.964561   10.034966   5.286264    
27.003135   6.951574    2.869944    
25.087019   7.230240    3.647693    
20.657912   6.808716    5.233862    
19.455341   8.585034    3.888578    
21.650282   5.140392    6.636202    
20.531030   3.238705    7.675775    
30.255388   2.367968    20.534736   
29.671773   4.526003    19.563687   
1.638201    1.045352    21.105836   
3.960649    1.549658    20.875130   
2.886943    30.407430   19.445906   
8.298802    0.054969    24.129209   
8.174378    29.444262   26.070252   
9.764523    29.457423   27.766537   
11.029237   0.674478    27.670839   
10.416607   2.486806    26.448732   
9.792651    1.676666    24.418310   
8.248421    1.497906    20.111980   
6.285530    2.391478    21.076586   
12.104773   28.001642   17.524113   
12.571321   26.119740   16.417302   
13.938080   24.397766   17.163203   
15.597117   22.868803   17.699444   
15.758010   25.375538   17.874146   
13.716610   28.288876   19.116586   
12.140980   30.257569   18.251641   
10.160930   0.856925    18.723084   
17.724422   3.272646    15.553265   
16.868025   1.261984    15.049181   
17.955742   30.302546   13.721983   
20.147635   0.286750    13.358511   
21.349859   1.711230    14.739695   
19.974930   3.437554    15.184942   
13.046179   3.389259    15.739290   
11.747601   1.814365    17.207221   
13.285159   4.726209    11.700309   
13.898157   4.823701    14.084570   
14.601151   6.555922    12.469545   
13.057325   4.571460    9.380639    
10.395132   7.622336    7.776909    
11.021155   6.882043    5.723526    
6.759137    8.198649    10.093604   
9.179159    8.684628    9.609609    
5.011102    7.417286    11.646031   
3.214522    6.464128    12.877309   
5.162439    7.339718    14.054085   
28.769835   2.269490    10.809323   
28.630166   0.106075    11.088373   
27.247845   29.799806   9.478634    
27.414918   30.416508   7.357973    
27.710920   2.181826    7.437396    
29.128607   3.306281    8.747569    
30.063193   4.635707    10.518821   
1.113607    5.715471    11.892587   
29.568919   6.774014    11.516153   
27.546058   7.056549    12.882930   
6.635862    28.443695   9.185519    
6.080470    3.150918    5.262861    
4.615810    1.729914    4.083316    
6.267566    2.848512    0.610726    
7.594392    4.283375    1.610497    
4.619004    7.076960    2.085914    
28.534908   8.339110    4.135712    
5.586656    6.592584    28.778253   
3.498309    3.672714    27.699679   
8.147532    1.731025    22.440912   
2.686113    5.175858    26.245042   
6.521594    10.178554   23.869759   
9.313622    8.796802    21.310826   
13.093293   7.917909    22.678988   
13.971228   8.716475    26.489849   
11.034298   9.909573    29.072581   
6.872739    10.784875   30.269014   
3.080673    10.052054   27.590428   
28.037082   9.023136    3.439857    
8.344067    19.310436   29.528635   
7.683658    22.359174   1.536481    
4.960646    25.905216   7.171211    
0.813326    21.666752   0.734713    
1.533035    18.676847   28.877597   
3.988930    15.680327   26.800586   
5.597885    14.463295   30.462007   
7.621064    14.691627   29.567207   
1.446867    17.426725   22.760068   
29.113313   15.196189   21.519530   
24.066748   13.383127   16.741503   
21.654724   12.727592   14.274188   
6.026889    13.523599   19.631451   
7.515234    17.530659   21.710281   
8.344378    16.814207   25.608420   
7.579238    14.905204   24.838581   
2.578345    22.703624   12.676043   
3.523541    21.208650   20.543585   
5.190288    20.388279   24.322478   
9.313019    20.702086   24.017041   
8.411272    22.582788   24.854703   
8.738410    22.363740   22.675206   
3.631348    25.379530   20.250430   
4.996418    25.291108   21.894021   
0.965244    26.347919   22.669996   
2.934364    27.544330   25.743859   
0.667781    22.876836   11.115706   
1.449940    25.988825   26.671120   
30.054280   22.109621   26.445458   
27.189020   21.366148   17.390918   
27.796594   18.902921   25.777217   
25.513239   22.611413   18.431488   
26.288393   9.049837    6.614060    
16.157330   17.699797   24.977366   
22.820098   20.606409   29.923332   
23.761662   18.718218   29.386523   
14.802700   24.838316   4.922370    
3.901371    26.524083   10.535642   
1.589765    0.527473    0.167673    
29.768536   27.528666   1.370972    
26.326552   29.447314   27.488143   
24.683612   24.633940   0.414690    
25.774435   24.586483   26.678265   
23.755888   23.576928   26.847171   
13.841556   25.619108   29.770162   
22.138372   28.052175   29.239137   
23.129833   28.803671   2.520733    
21.938551   26.940222   3.144021    
20.129595   30.396806   14.362107   
25.489715   24.637208   17.366139   
24.011720   1.162143    20.664747   
24.869563   30.241843   22.100007   
21.324995   28.164807   22.060103   
15.713438   27.273360   19.162529   
20.832937   30.409682   25.429606   
18.789077   30.043416   24.571093   
19.918846   2.839796    16.103544   
10.116050   1.051929    28.171197   
16.858572   4.948150    25.517616   
17.571452   3.555057    27.038417   
26.245131   7.471160    23.626366   
29.553427   9.198261    24.886296   
29.159179   12.091398   27.762348   
23.637853   16.114359   3.943250    
22.357145   10.813492   28.187060   
20.395461   7.925209    25.476588   
22.325850   4.015632    25.547905   
22.636808   4.370340    23.372278   
18.607352   11.154286   17.157392   
19.614242   11.759728   13.240818   
23.345373   12.797246   12.357134   
26.114868   13.442978   15.281216   
24.945140   13.130924   19.158073   
22.181151   11.861548   22.316455   
22.870315   12.378467   18.473896   
19.605634   8.145554    21.654928   
15.240389   16.201976   19.248092   
15.368120   17.801838   15.601777   
18.908001   19.786035   14.366847   
21.820069   19.938434   17.062395   
21.534867   18.466398   20.801102   
19.605971   15.834931   23.762668   
17.426672   12.242771   21.810920   
18.239457   12.008697   23.905246   
17.002398   19.917611   24.288996   
14.827587   19.428756   23.954272   
15.028375   15.762239   24.752766   
16.951586   13.980479   27.956461   
15.656171   15.687627   28.488954   
17.867041   16.023644   28.322416   
16.434686   20.625801   28.116204   
14.364870   19.804443   28.173559   
13.002089   22.945667   26.295109   
15.733763   25.977277   25.208251   
15.208705   25.084050   18.786457   
17.367356   24.362307   25.556355   
15.601595   27.148200   29.584823   
12.882719   23.579293   30.330404   
14.156994   28.762852   2.440486    
16.010809   27.762112   2.710060    
12.549517   25.453171   4.775132    
13.796118   26.986247   8.365147    
13.353325   28.788409   7.183496    
15.524274   28.098742   7.400718    
11.517831   20.755574   4.143864    
9.083310    17.549189   3.394685    
9.971500    13.953795   5.033995    
13.533647   13.595227   7.000699    
15.651256   16.727060   7.825295    
14.036695   22.161181   8.118352    
16.083410   23.231646   3.781994    
16.964868   24.466713   5.420255    
18.544783   20.905839   7.910130    
17.358911   20.228619   9.731734    
17.411854   24.035122   11.151484   
18.627029   24.672268   9.283178    
19.520874   23.368750   10.895649   
10.373725   11.451140   17.114439   
12.605716   11.650358   16.779811   
11.408024   13.431809   17.392978   
10.990679   11.829914   13.174453   
12.185003   13.678590   13.295764   
7.773249    14.464864   13.926246   
8.557612    14.699730   11.780590   
10.008509   17.612055   15.037777   
10.204392   19.237291   10.771421   
12.076682   18.444496   11.639917   
11.263304   20.391318   12.293559   
2.123805    16.043634   13.304088   
0.746731    13.140185   11.033417   
1.104070    13.262483   7.032265    
3.253124    16.221767   5.334036    
4.877752    19.002847   7.720038    
5.951891    20.895877   11.456422   
6.158967    18.366180   15.291839   
7.311667    20.296200   15.191999   
4.291991    27.342248   12.875924   
7.456820    29.392215   11.393142   
8.580784    28.581673   7.599270    
6.693944    25.723317   5.412987    
3.659107    23.742947   6.982883    
1.177142    24.500777   12.778213   
2.531578    21.202462   14.513349   
4.086714    22.753960   14.412687   
25.717575   24.776622   12.660079   
24.272550   26.479910   16.103259   
24.464826   24.419285   19.555908   
26.051692   20.600640   19.503771   
28.055159   19.237172   16.399028   
28.868471   19.498223   12.073687   
29.479100   23.456536   9.785233    
0.163134    21.731777   9.139693    
24.824185   22.093991   7.589084    
26.696652   21.307617   6.703666    
26.783593   18.285507   9.216530    
22.847474   19.733642   11.112629   
24.070481   18.221271   12.264257   
23.080983   17.667164   10.343304   
24.046803   20.168981   4.102193    
22.645878   19.504943   5.631820    
24.718706   16.000745   5.989029    
28.379998   17.168857   4.239113    
27.232558   17.133683   2.307775    
27.710025   15.232621   3.375416    
21.492345   13.153634   5.548410    
22.358374   15.725084   1.799245    
18.991114   12.849651   1.666594    
17.813139   12.485519   3.475264    
20.642832   9.151761    1.996929    
18.065662   6.633207    0.560960    
17.350876   8.557148    30.110417   
16.288649   7.844953    1.360464    
24.120771   9.241446    7.712739    
27.361763   11.350375   7.089479    
29.946199   10.370026   4.111250    
28.990747   7.226481    1.776386    
25.550580   5.347703    2.049936    
21.753677   4.847581    4.379424    
19.893906   8.732135    6.221952    
18.306217   7.380641    5.555386    
20.733438   5.344005    8.744296    
22.513071   4.097169    8.599692    
20.249497   0.917195    7.083974    
18.576280   2.340830    6.617653    
19.031726   1.767357    8.696723    
0.243652    6.416290    18.749288   
28.518659   6.417264    18.978497   
29.903552   6.429671    20.839888   
29.876663   2.633110    18.276240   
28.163565   2.794510    19.651352   
30.061490   0.494227    21.806083   
0.513881    2.261662    22.686067   
3.252552    30.085159   21.710505   
1.629220    28.780865   18.278463   
3.909543    28.927340   17.921978   
2.590145    30.529409   17.076087   
7.340074    28.603942   23.825271   
8.782479    27.350801   27.328707   
10.885045   29.814353   29.753696   
11.709161   3.028491    28.351597   
10.309524   4.041525    24.769402   
8.245292    3.556994    21.013938   
4.524556    3.700164    20.125193   
4.658999    3.232249    22.311743   
10.305417   27.199234   16.224404   
12.236686   23.666540   15.838898   
17.641871   18.903772   16.410879   
17.435744   25.880965   19.771862   
15.721018   29.435750   20.021135   
12.217482   1.563800    19.490298   
8.475981    29.941753   19.383649   
8.017482    0.974371    17.818337   
15.642969   30.170308   13.595554   
19.293321   28.536961   12.940003   
22.595862   30.505807   13.807739   
22.344550   3.481749    15.985169   
18.773103   4.996072    16.779316   
14.396274   5.283670    16.253507   
11.454541   1.888079    14.958105   
10.799281   3.605368    16.101750   
13.752647   2.750402    10.618904   
11.568758   3.514468    10.657123   
12.330562   6.283387    12.982084   
16.190549   7.700496    13.504304   
15.229480   8.699945    11.701248   
16.646231   6.956745    11.486134   
13.390062   4.196015    7.131125    
14.187923   6.083593    8.078053    
9.736640    5.606887    7.210054    
12.185882   8.362041    4.327098    
10.229498   7.664879    3.647149    
11.954563   6.229392    3.577711    
7.627039    10.266890   10.566005   
11.025124   9.660676    8.579530    
6.277895    5.966560    10.287543   
4.800885    7.403278    9.299560    
3.589245    8.703390    13.017114   
6.620865    6.029808    15.198088   
5.240255    7.361445    16.321290   
6.995515    8.231288    15.239894   
29.721214   1.211866    12.829797   
28.111436   28.517510   11.474100   
26.798667   28.172340   7.616212    
27.086614   0.892103    5.298456    
28.918112   4.241885    6.659772    
0.615270    6.475744    9.801532    
2.780685    4.251860    12.433468   
1.671141    5.232846    14.079655   
28.009742   8.352734    10.935362   
29.267931   8.723626    12.816167   
25.621187   5.691862    12.983466   
25.802328   7.552885    14.244762   
26.965114   5.723527    14.762094   
29.745010   1.909902    10.454853   
6.083065    3.077853    2.894723    
11.927778   5.903305    7.694624    
4.298847    6.402635    30.485375   
8.863256    2.085755    24.866747   
7.323503    10.802499   27.999965   
9.019317    10.093879   23.554626   
8.637232    9.187036    8.600653    
16.929694   1.732532    14.039289   
11.699303   9.309760    26.923247   
9.800827    10.520656   27.139622   
5.035931    10.510000   28.876167   
3.984160    8.253867    28.898686   
13.752527   18.081293   6.973952    
6.883693    20.748676   0.103442    
5.270322    21.748128   1.408900    
3.132736    22.008702   1.045436    
1.199066    14.704091   9.028215    
2.611776    20.653197   29.895273   
5.756690    15.163966   28.224020   
2.616153    17.226526   11.192364   
2.933046    15.643567   21.915360   
0.789677    15.646405   21.465360   
0.356150    13.675018   20.492357   
2.373327    15.160330   7.190605    
3.218037    11.169027   18.215958   
3.587399    12.964115   20.032175   
5.274968    16.781765   21.964532   
12.218049   15.008393   5.307406    
4.181180    23.324289   21.217003   
5.510969    21.946325   19.822439   
12.052007   25.752031   17.321569   
15.381793   3.415718    15.260062   
0.740901    24.231776   23.427962   
9.104619    29.101620   25.573178   
28.382265   21.088266   25.372827   
29.388040   23.116488   24.440386   
26.499390   20.231286   24.507362   
25.446152   22.564951   27.782234   
24.605820   20.531784   28.418849   
27.511069   28.108530   29.251548   
28.239559   25.997114   2.631231    
0.733731    28.615526   3.174099    
29.813135   0.070673    30.081731   
29.660499   1.126576    27.773177   
26.922789   28.790681   29.891014   
27.687649   27.119181   0.707412    
20.624613   18.158530   18.488419   
21.154109   26.032998   30.074562   
28.260380   29.512869   9.146066    
20.417601   29.789480   20.821784   
22.599532   30.038819   21.507205   
14.244327   28.626590   18.209101   
18.791712   3.084881    22.630340   
18.323936   3.311322    24.855744   
23.851699   10.053795   26.260447   
26.987654   9.451613    24.945359   
23.028984   6.442878    5.256551    
28.281386   10.478970   26.373727   
26.680761   11.940658   27.138923   
24.618058   11.288907   27.903908   
21.326973   11.765182   20.158968   
19.786906   12.148990   22.086713   
20.862866   12.277813   17.677601   

